1 0 0 0  
1.50418 -0.0425866 0.419006 -0.923186  
1.90316 0.0393176 0.981794 -1.88495  
2.26809 0.200509 1.66911 -2.9372  
2.61498 0.42896 2.4729 -4.08789  
2.95055 0.718988 3.38853 -5.33908  
3.27833 1.0673 4.41293 -6.69126  
3.60042 1.47175 5.54392 -8.14434  
3.91818 1.93086 6.77989 -9.69807  
4.23254 2.44352 8.11959 -11.3521  
4.54417 3.00892 9.56201 -13.1062  
4.85356 3.62639 11.1063 -14.9599  
5.16109 4.29543 12.7519 -16.913  
5.46704 5.01559 14.4982 -18.9653  
5.77164 5.78654 16.3447 -21.1164  
6.07509 6.60796 18.291 -23.3661  
6.37752 7.47962 20.3368 -25.7143  
6.67908 8.40129 22.4817 -28.1607  
6.97985 9.37278 24.7254 -30.7053  
7.27994 10.3939 27.0678 -33.3477  
7.57941 11.4646 29.5086 -36.088  
7.87832 12.5847 32.0476 -38.926  
8.17673 13.754 34.6847 -41.8615  
8.4747 14.9725 37.4197 -44.8944  
8.77225 16.2401 40.2524 -48.0247  
9.06943 17.5567 43.1828 -51.2522  
9.36627 18.9222 46.2107 -54.5769  
9.66279 20.3366 49.336 -57.9987  
9.95903 21.7998 52.5585 -61.5176  
10.255 23.3117 55.8783 -65.1333  
10.5507 24.8723 59.2953 -68.846  
10.8462 26.4815 62.8092 -72.6555  
11.1415 28.1393 66.4202 -76.5617  
11.4366 29.8457 70.1281 -80.5647  
11.7315 31.6006 73.9328 -84.6643  
12.0262 33.404 77.8343 -88.8605  
12.3208 35.2559 81.8325 -93.1534  
12.6152 37.1561 85.9275 -97.5427  
12.9095 39.1048 90.1191 -102.029  
13.2037 41.1018 94.4072 -106.611  
13.4977 43.1471 98.792 -111.29  
13.7916 45.2408 103.273 -116.065  
14.0854 47.3828 107.851 -120.936  
14.3791 49.573 112.525 -125.904  
14.6727 51.8115 117.296 -130.968  
14.9661 54.0982 122.163 -136.129  
15.2595 56.4332 127.126 -141.385  
15.5529 58.8163 132.185 -146.738  
15.8461 61.2476 137.341 -152.187  
16.1393 63.7271 142.593 -157.733  
16.4324 66.2547 147.942 -163.374  
16.7254 68.8305 153.386 -169.112  
17.0183 71.4545 158.927 -174.946  
17.3112 74.1265 164.564 -180.875  
17.604 76.8466 170.297 -186.901  
17.8968 79.6149 176.127 -193.023  
18.1895 82.4312 182.052 -199.241  
18.4822 85.2956 188.073 -205.555  
18.7748 88.208 194.191 -211.966  
19.0673 91.1685 200.404 -218.472  
19.3598 94.1771 206.714 -225.074  
19.6523 97.2337 213.12 -231.772  
19.9447 100.338 219.621 -238.566  
20.2371 103.491 226.219 -245.456  
20.5294 106.692 232.913 -252.442  
20.8217 109.94 239.702 -259.524  
21.114 113.237 246.588 -266.702  
21.4062 116.582 253.569 -273.976  
21.6984 119.974 260.647 -281.345  
21.9906 123.415 267.82 -288.811  
22.2827 126.903 275.089 -296.372  
22.5748 130.44 282.455 -304.029  
22.8669 134.024 289.916 -311.783  
23.1589 137.657 297.473 -319.632  
23.4509 141.337 305.126 -327.576  
23.7429 145.066 312.874 -335.617  
24.0348 148.842 320.719 -343.754  
24.3267 152.666 328.659 -351.986  
24.6186 156.538 336.696 -360.314  
24.9105 160.459 344.828 -368.738  
25.2024 164.427 353.056 -377.258  
25.4942 168.443 361.379 -385.874  
25.786 172.506 369.799 -394.585  
26.0778 176.618 378.314 -403.392  
26.3696 180.778 386.925 -412.295  
26.6613 184.986 395.632 -421.294  
26.953 189.241 404.435 -430.388  
27.2447 193.544 413.334 -439.578  
27.5364 197.896 422.328 -448.864  
27.8281 202.295 431.418 -458.246  
28.1198 206.742 440.604 -467.723  
28.4114 211.237 449.885 -477.297  
28.703 215.78 459.262 -486.965  
28.9946 220.37 468.735 -496.73  
29.2862 225.009 478.304 -506.59  
29.5778 229.695 487.969 -516.546  
29.8693 234.43 497.729 -526.598  
30.1609 239.212 507.585 -536.746  
30.4524 244.042 517.536 -546.989  
30.7439 248.92 527.584 -557.328  
31.0354 253.846 537.727 -567.762  
31.3269 258.819 547.966 -578.293  
31.6184 263.841 558.3 -588.919  
31.9098 268.91 568.73 -599.64  
32.2013 274.027 579.256 -610.457  
32.4927 279.192 589.878 -621.37  
32.7841 284.405 600.595 -632.379  
33.0756 289.666 611.408 -643.483  
33.367 294.975 622.316 -654.683  
33.6583 300.331 633.321 -665.979  
33.9497 305.735 644.42 -677.37  
34.2411 311.187 655.616 -688.857  
34.5325 316.687 666.907 -700.44  
34.8238 322.235 678.294 -712.118  
35.1151 327.831 689.777 -723.892  
35.4065 333.474 701.355 -735.761  
35.6978 339.165 713.029 -747.727  
35.9891 344.905 724.798 -759.787  
36.2804 350.691 736.663 -771.944  
36.5717 356.526 748.624 -784.196  
36.863 362.409 760.68 -796.543  
37.1543 368.339 772.832 -808.987  
37.4455 374.317 785.08 -821.526  
37.7368 380.343 797.423 -834.16  
38.028 386.417 809.862 -846.89  
38.3193 392.539 822.397 -859.716  
38.6105 398.708 835.027 -872.638  
38.9017 404.926 847.753 -885.655  
39.193 411.191 860.574 -898.767  
39.4842 417.503 873.491 -911.975  
39.7754 423.864 886.504 -925.279  
40.0666 430.273 899.612 -938.678  
40.3578 436.729 912.816 -952.173  
40.649 443.233 926.115 -965.764  
40.9401 449.785 939.51 -979.45  
41.2313 456.385 953.001 -993.232  
41.5225 463.032 966.587 -1007.11  
41.8136 469.728 980.269 -1021.08  
42.1048 476.471 994.046 -1035.15  
42.3959 483.262 1007.92 -1049.32  
42.6871 490.1 1021.89 -1063.57  
42.9782 496.987 1035.95 -1077.93  
43.2693 503.921 1050.11 -1092.38  
43.5605 510.903 1064.37 -1106.93  
43.8516 517.933 1078.72 -1121.57  
44.1427 525.011 1093.16 -1136.31  
44.4338 532.136 1107.71 -1151.14  
44.7249 539.309 1122.34 -1166.07  
45.016 546.531 1137.08 -1181.09  
45.3071 553.799 1151.91 -1196.21  
45.5982 561.116 1166.83 -1211.43  
45.8893 568.48 1181.85 -1226.74  
46.1803 575.893 1196.97 -1242.15  
46.4714 583.353 1212.18 -1257.65  
46.7625 590.86 1227.48 -1273.25  
47.0535 598.416 1242.89 -1288.94  
47.3446 606.019 1258.38 -1304.73  
47.6357 613.67 1273.98 -1320.61  
47.9267 621.369 1289.67 -1336.59  
48.2177 629.116 1305.45 -1352.67  
48.5088 636.91 1321.33 -1368.84  
48.7998 644.753 1337.3 -1385.1  
49.0909 652.643 1353.38 -1401.47  
49.3819 660.58 1369.54 -1417.92  
49.6729 668.566 1385.8 -1434.48  
49.9639 676.599 1402.16 -1451.13  
50.2549 684.68 1418.62 -1467.87  
50.546 692.809 1435.16 -1484.71  
50.837 700.986 1451.81 -1501.65  
51.128 709.21 1468.55 -1518.68  
51.419 717.483 1485.38 -1535.8  
51.71 725.803 1502.32 -1553.03  
52.001 734.17 1519.34 -1570.34  
52.2919 742.586 1536.46 -1587.76  
52.5829 751.049 1553.68 -1605.26  
52.8739 759.56 1570.99 -1622.87  
53.1649 768.119 1588.4 -1640.57  
53.4559 776.726 1605.91 -1658.36  
53.7468 785.38 1623.51 -1676.25  
54.0378 794.082 1641.2 -1694.24  
54.3288 802.832 1658.99 -1712.32  
54.6197 811.63 1676.88 -1730.5  
54.9107 820.475 1694.86 -1748.77  
55.2016 829.368 1712.94 -1767.14  
55.4926 838.309 1731.11 -1785.6  
55.7835 847.298 1749.38 -1804.16  
56.0745 856.334 1767.74 -1822.82  
56.3654 865.419 1786.2 -1841.57  
56.6564 874.551 1804.76 -1860.41  
56.9473 883.73 1823.41 -1879.36  
57.2383 892.958 1842.15 -1898.39  
57.5292 902.233 1861 -1917.52  
57.8201 911.556 1879.93 -1936.75  
58.111 920.927 1898.97 -1956.08  
58.402 930.346 1918.09 -1975.5  
58.6929 939.812 1937.32 -1995.01  
58.9838 949.326 1956.64 -2014.62  
59.2747 958.888 1976.05 -2034.33  
59.5656 968.497 1995.56 -2054.13  
59.8565 978.155 2015.17 -2074.02  
60.1475 987.86 2034.87 -2094.01  
60.4384 997.613 2054.66 -2114.1  
60.7293 1007.41 2074.56 -2134.29  
61.0202 1017.26 2094.54 -2154.56  
61.3111 1027.16 2114.63 -2174.94  
61.602 1037.1 2134.81 -2195.41  
61.8928 1047.09 2155.08 -2215.97  
62.1837 1057.13 2175.45 -2236.63  
62.4746 1067.22 2195.91 -2257.39  
62.7655 1077.35 2216.48 -2278.24  
63.0564 1087.54 2237.13 -2299.19  
63.3473 1097.77 2257.88 -2320.23  
63.6382 1108.05 2278.73 -2341.37  
63.929 1118.37 2299.67 -2362.6  
64.2199 1128.75 2320.71 -2383.93  
64.5108 1139.17 2341.85 -2405.36  
64.8017 1149.64 2363.07 -2426.88  
65.0925 1160.15 2384.4 -2448.49  
65.3834 1170.72 2405.82 -2470.2  
65.6743 1181.33 2427.33 -2492.01  
65.9651 1191.99 2448.95 -2513.91  
66.256 1202.7 2470.65 -2535.91  
66.5468 1213.45 2492.45 -2558  
66.8377 1224.26 2514.35 -2580.19  
67.1286 1235.11 2536.35 -2602.47  
67.4194 1246.01 2558.43 -2624.85  
67.7103 1256.95 2580.62 -2647.33  
68.0011 1267.95 2602.9 -2669.9  
68.292 1278.99 2625.27 -2692.57  
68.5828 1290.08 2647.74 -2715.33  
68.8737 1301.22 2670.31 -2738.18  
69.1645 1312.4 2692.97 -2761.14  
69.4553 1323.64 2715.73 -2784.18  
69.7462 1334.92 2738.58 -2807.33  
70.037 1346.25 2761.53 -2830.57  
70.3278 1357.62 2784.57 -2853.9  
70.6187 1369.05 2807.71 -2877.33  
70.9095 1380.52 2830.95 -2900.86  
71.2003 1392.04 2854.28 -2924.48  
71.4912 1403.61 2877.7 -2948.19  
71.782 1415.22 2901.22 -2972  
72.0728 1426.88 2924.84 -2995.91  
72.3636 1438.59 2948.55 -3019.91  
72.6545 1450.35 2972.36 -3044.01  
72.9453 1462.16 2996.26 -3068.21  
73.2361 1474.01 3020.26 -3092.5  
73.5269 1485.91 3044.35 -3116.88  
73.8177 1497.86 3068.54 -3141.36  
74.1086 1509.86 3092.83 -3165.94  
74.3994 1521.9 3117.21 -3190.61  
74.6902 1534 3141.68 -3215.37  
74.981 1546.14 3166.26 -3240.24  
75.2718 1558.33 3190.92 -3265.19  
75.5626 1570.56 3215.68 -3290.25  
75.8534 1582.84 3240.54 -3315.4  
76.1442 1595.18 3265.49 -3340.64  
76.435 1607.55 3290.54 -3365.98  
76.7258 1619.98 3315.69 -3391.41  
77.0166 1632.46 3340.93 -3416.94  
77.3074 1644.98 3366.26 -3442.57  
77.5982 1657.55 3391.69 -3468.29  
77.889 1670.16 3417.22 -3494.11  
78.1798 1682.83 3442.84 -3520.02  
78.4706 1695.54 3468.56 -3546.03  
78.7614 1708.3 3494.37 -3572.13  
79.0522 1721.11 3520.28 -3598.33  
79.343 1733.97 3546.28 -3624.62  
79.6338 1746.87 3572.38 -3651.01  
79.9245 1759.82 3598.57 -3677.5  
80.2153 1772.82 3624.86 -3704.08  
80.5061 1785.87 3651.25 -3730.76  
80.7969 1798.97 3677.73 -3757.53  
81.0877 1812.11 3704.31 -3784.39  
81.3785 1825.3 3730.98 -3811.36  
81.6692 1838.54 3757.74 -3838.41  
81.96 1851.82 3784.61 -3865.57  
82.2508 1865.16 3811.57 -3892.82  
82.5416 1878.54 3838.62 -3920.16  
82.8323 1891.97 3865.77 -3947.6  
83.1231 1905.44 3893.01 -3975.14  
83.4139 1918.97 3920.35 -4002.77  
83.7047 1932.54 3947.79 -4030.49  
83.9954 1946.16 3975.32 -4058.31  
84.2862 1959.83 4002.94 -4086.23  
84.577 1973.54 4030.67 -4114.24  
84.8677 1987.31 4058.48 -4142.35  
85.1585 2001.12 4086.4 -4170.56  
85.4493 2014.98 4114.4 -4198.85  
85.74 2028.88 4142.51 -4227.25  
86.0308 2042.84 4170.71 -4255.74  
86.3215 2056.84 4199 -4284.32  
86.6123 2070.89 4227.39 -4313  
86.9031 2084.99 4255.88 -4341.78  
87.1938 2099.13 4284.46 -4370.65  
87.4846 2113.33 4313.13 -4399.62  
87.7753 2127.57 4341.91 -4428.68  
88.0661 2141.85 4370.77 -4457.84  
88.3568 2156.19 4399.74 -4487.09  
88.6476 2170.57 4428.8 -4516.44  
88.9384 2185.01 4457.95 -4545.89  
89.2291 2199.48 4487.2 -4575.43  
89.5199 2214.01 4516.54 -4605.06  
89.8106 2228.59 4545.98 -4634.79  
90.1014 2243.21 4575.52 -4664.62  
90.3921 2257.88 4605.15 -4694.54  
90.6828 2272.6 4634.88 -4724.56  
90.9736 2287.36 4664.7 -4754.67  
91.2643 2302.18 4694.61 -4784.88  
91.5551 2317.04 4724.63 -4815.18  
91.8458 2331.95 4754.74 -4845.58  
92.1366 2346.9 4784.94 -4876.08  
92.4273 2361.91 4815.24 -4906.67  
92.718 2376.96 4845.63 -4937.35  
93.0088 2392.06 4876.12 -4968.13  
93.2995 2407.2 4906.71 -4999.01  
93.5903 2422.4 4937.39 -5029.98  
93.881 2437.64 4968.17 -5061.05  
94.1717 2452.93 4999.04 -5092.21  
94.4625 2468.27 5030.01 -5123.47  
94.7532 2483.66 5061.07 -5154.82  
95.0439 2499.09 5092.23 -5186.27  
95.3347 2514.57 5123.48 -5217.82  
95.6254 2530.1 5154.83 -5249.46  
95.9161 2545.68 5186.27 -5281.19  
96.2069 2561.3 5217.81 -5313.02  
96.4976 2576.98 5249.45 -5344.95  
96.7883 2592.7 5281.18 -5376.97  
97.079 2608.46 5313.01 -5409.09  
97.3698 2624.28 5344.93 -5441.3  
97.6605 2640.14 5376.95 -5473.61  
97.9512 2656.05 5409.06 -5506.01  
98.2419 2672.01 5441.27 -5538.51  
98.5327 2688.02 5473.57 -5571.1  
98.8234 2704.07 5505.97 -5603.79  
99.1141 2720.18 5538.46 -5636.58  
99.4048 2736.33 5571.05 -5669.46  
99.6956 2752.52 5603.74 -5702.44  
99.9863 2768.77 5636.52 -5735.51  
100.277 2785.06 5669.4 -5768.67  
100.568 2801.4 5702.37 -5801.94  
100.858 2817.79 5735.44 -5835.3  
101.149 2834.23 5768.6 -5868.75  
101.44 2850.71 5801.86 -5902.3  
101.731 2867.24 5835.21 -5935.94  
102.021 2883.82 5868.66 -5969.68  
102.312 2900.45 5902.2 -6003.52  
102.603 2917.12 5935.84 -6037.45  
102.893 2933.84 5969.58 -6071.47  
103.184 2950.61 6003.41 -6105.6  
103.475 2967.43 6037.34 -6139.81  
103.766 2984.3 6071.36 -6174.12  
104.056 3001.21 6105.48 -6208.53  
104.347 3018.17 6139.69 -6243.04  
104.638 3035.18 6174 -6277.63  
104.928 3052.24 6208.4 -6312.33  
105.219 3069.34 6242.9 -6347.12  
105.51 3086.49 6277.49 -6382  
105.801 3103.69 6312.18 -6416.98  
106.091 3120.94 6346.97 -6452.06  
106.382 3138.23 6381.85 -6487.23  
106.673 3155.58 6416.83 -6522.5  
106.963 3172.97 6451.9 -6557.86  
107.254 3190.41 6487.06 -6593.32  
107.545 3207.89 6522.33 -6628.87  
107.835 3225.42 6557.68 -6664.52  
108.126 3243.01 6593.14 -6700.26  
108.417 3260.64 6628.69 -6736.1  
108.708 3278.31 6664.33 -6772.04  
108.998 3296.04 6700.07 -6808.07  
109.289 3313.81 6735.91 -6844.2  
109.58 3331.63 6771.84 -6880.42  
109.87 3349.5 6807.86 -6916.73  
110.161 3367.41 6843.98 -6953.15  
110.452 3385.37 6880.2 -6989.65  
110.742 3403.39 6916.51 -7026.26  
111.033 3421.44 6952.92 -7062.95  
111.324 3439.55 6989.42 -7099.75  
111.615 3457.7 7026.02 -7136.64  
111.905 3475.91 7062.72 -7173.62  
112.196 3494.16 7099.51 -7210.7  
112.487 3512.45 7136.39 -7247.88  
112.777 3530.8 7173.37 -7285.15  
113.068 3549.19 7210.45 -7322.52  
113.359 3567.63 7247.62 -7359.98  
113.649 3586.12 7284.89 -7397.54  
113.94 3604.65 7322.25 -7435.19  
114.231 3623.24 7359.71 -7472.94  
114.521 3641.87 7397.26 -7510.78  
114.812 3660.55 7434.91 -7548.72  
115.103 3679.27 7472.65 -7586.75  
115.393 3698.05 7510.49 -7624.88  
115.684 3716.87 7548.43 -7663.11  
115.975 3735.74 7586.46 -7701.43  
116.266 3754.66 7624.58 -7739.85  
116.556 3773.62 7662.8 -7778.36  
116.847 3792.64 7701.12 -7816.97  
117.138 3811.7 7739.53 -7855.67  
117.428 3830.81 7778.04 -7894.47  
117.719 3849.96 7816.64 -7933.36  
118.01 3869.17 7855.34 -7972.35  
118.3 3888.42 7894.13 -8011.43  
118.591 3907.72 7933.02 -8050.61  
118.882 3927.06 7972.01 -8089.89  
119.172 3946.46 8011.09 -8129.26  
119.463 3965.9 8050.26 -8168.73  
119.754 3985.39 8089.53 -8208.29  
120.044 4004.93 8128.9 -8247.94  
120.335 4024.51 8168.36 -8287.7  
120.626 4044.15 8207.92 -8327.54  
120.916 4063.83 8247.57 -8367.49  
121.207 4083.56 8287.32 -8407.53  
121.498 4103.33 8327.16 -8447.66  
121.788 4123.16 8367.1 -8487.89  
122.079 4143.03 8407.14 -8528.22  
122.37 4162.95 8447.27 -8568.64  
122.66 4182.92 8487.49 -8609.15  
122.951 4202.93 8527.81 -8649.76  
123.242 4222.99 8568.23 -8690.47  
123.533 4243.1 8608.74 -8731.27  
123.823 4263.26 8649.35 -8772.17  
124.114 4283.47 8690.05 -8813.16  
124.405 4303.72 8730.85 -8854.25  
124.695 4324.02 8771.74 -8895.44  
124.986 4344.37 8812.73 -8936.72  
125.277 4364.77 8853.81 -8978.09  
125.567 4385.21 8894.99 -9019.56  
125.858 4405.71 8936.27 -9061.13  
126.149 4426.25 8977.64 -9102.79  
126.439 4446.83 9019.1 -9144.54  
126.73 4467.47 9060.67 -9186.4  
127.021 4488.15 9102.32 -9228.34  
127.311 4508.88 9144.07 -9270.39  
127.602 4529.66 9185.92 -9312.52  
127.893 4550.49 9227.87 -9354.76  
128.183 4571.36 9269.9 -9397.09  
128.474 4592.28 9312.04 -9439.51  
128.765 4613.25 9354.27 -9482.03  
129.055 4634.27 9396.59 -9524.65  
129.346 4655.33 9439.01 -9567.36  
129.637 4676.45 9481.53 -9610.16  
129.927 4697.61 9524.14 -9653.07  
130.218 4718.81 9566.85 -9696.06  
130.509 4740.07 9609.65 -9739.16  
130.799 4761.37 9652.54 -9782.34  
131.09 4782.72 9695.54 -9825.63  
131.381 4804.12 9738.63 -9869.01  
131.671 4825.57 9781.81 -9912.48  
131.962 4847.06 9825.09 -9956.05  
132.252 4868.6 9868.46 -9999.71  
132.543 4890.19 9911.93 -10043.5  
132.834 4911.83 9955.5 -10087.3  
133.124 4933.52 9999.16 -10131.3  
133.415 4955.25 10042.9 -10175.3  
133.706 4977.03 10086.8 -10219.5  
133.996 4998.86 10130.7 -10263.7  
134.287 5020.73 10174.8 -10308  
134.578 5042.66 10218.9 -10352.5  
134.868 5064.63 10263.1 -10397  
135.159 5086.65 10307.5 -10441.6  
135.45 5108.72 10351.9 -10486.3  
135.74 5130.83 10396.4 -10531.1  
136.031 5152.99 10441 -10576  
136.322 5175.2 10485.7 -10621  
136.612 5197.46 10530.5 -10666.1  
136.903 5219.76 10575.4 -10711.3  
137.194 5242.12 10620.4 -10756.6  
137.484 5264.52 10665.5 -10802  
137.775 5286.97 10710.7 -10847.5  
138.066 5309.46 10756 -10893.1  
138.356 5332.01 10801.4 -10938.7  
138.647 5354.6 10846.8 -10984.5  
138.938 5377.24 10892.4 -11030.4  
139.228 5399.92 10938.1 -11076.3  
139.519 5422.66 10983.8 -11122.4  
139.81 5445.44 11029.7 -11168.5  
140.1 5468.27 11075.6 -11214.7  
140.391 5491.15 11121.7 -11261.1  
140.681 5514.08 11167.8 -11307.5  
140.972 5537.05 11214.1 -11354  
141.263 5560.07 11260.4 -11400.7  
141.553 5583.14 11306.8 -11447.4  
141.844 5606.26 11353.4 -11494.2  
142.135 5629.42 11400 -11541.1  
142.425 5652.63 11446.7 -11588.1  
142.716 5675.89 11493.5 -11635.2  
143.007 5699.2 11540.4 -11682.4  
143.297 5722.55 11587.4 -11729.7  
143.588 5745.96 11634.5 -11777.1  
143.879 5769.41 11681.7 -11824.6  
144.169 5792.9 11729 -11872.1  
144.46 5816.45 11776.4 -11919.8  
144.751 5840.04 11823.8 -11967.6  
145.041 5863.69 11871.4 -12015.5  
145.332 5887.37 11919.1 -12063.4  
145.622 5911.11 11966.8 -12111.5  
145.913 5934.9 12014.7 -12159.6  
146.204 5958.73 12062.7 -12207.9  
146.494 5982.61 12110.7 -12256.2  
146.785 6006.53 12158.9 -12304.6  
147.076 6030.51 12207.1 -12353.2  
147.366 6054.53 12255.4 -12401.8  
147.657 6078.6 12303.9 -12450.5  
147.948 6102.72 12352.4 -12499.3  
148.238 6126.89 12401 -12548.3  
148.529 6151.1 12449.7 -12597.3  
148.82 6175.36 12498.5 -12646.4  
149.11 6199.67 12547.5 -12695.6  
149.401 6224.03 12596.5 -12744.9  
149.691 6248.43 12645.6 -12794.3  
149.982 6272.89 12694.8 -12843.7  
150.273 6297.39 12744 -12893.3  
150.563 6321.93 12793.4 -12943  
150.854 6346.53 12842.9 -12992.8  
151.145 6371.17 12892.5 -13042.6  
151.435 6395.86 12942.2 -13092.6  
151.726 6420.6 12991.9 -13142.7  
152.017 6445.39 13041.8 -13192.8  
152.307 6470.22 13091.8 -13243.1  
152.598 6495.11 13141.8 -13293.4  
152.889 6520.03 13192 -13343.8  
153.179 6545.01 13242.2 -13394.4  
153.47 6570.04 13292.5 -13445  
153.76 6595.11 13343 -13495.7  
154.051 6620.23 13393.5 -13546.6  
154.342 6645.4 13444.1 -13597.5  
154.632 6670.61 13494.9 -13648.5  
154.923 6695.88 13545.7 -13699.6  
155.214 6721.19 13596.6 -13750.8  
155.504 6746.55 13647.6 -13802.1  
155.795 6771.95 13698.7 -13853.5  
156.085 6797.41 13749.9 -13905  
156.376 6822.91 13801.2 -13956.6  
156.667 6848.46 13852.6 -14008.3  
156.957 6874.06 13904.1 -14060  
157.248 6899.7 13955.7 -14111.9  
157.539 6925.4 14007.3 -14163.9  
157.829 6951.14 14059.1 -14215.9  
158.12 6976.92 14111 -14268.1  
158.411 7002.76 14162.9 -14320.3  
158.701 7028.64 14215 -14372.7  
158.992 7054.58 14267.1 -14425.1  
159.282 7080.55 14319.4 -14477.7  
159.573 7106.58 14371.7 -14530.3  
159.864 7132.66 14424.2 -14583  
160.154 7158.78 14476.7 -14635.9  
160.445 7184.95 14529.3 -14688.8  
160.736 7211.17 14582.1 -14741.8  
161.026 7237.43 14634.9 -14794.9  
161.317 7263.74 14687.8 -14848.1  
161.607 7290.11 14740.8 -14901.4  
161.898 7316.51 14793.9 -14954.8  
162.189 7342.97 14847.1 -15008.3  
162.479 7369.47 14900.4 -15061.9  
162.77 7396.03 14953.8 -15115.6  
163.061 7422.62 15007.3 -15169.4  
163.351 7449.27 15060.9 -15223.2  
163.642 7475.97 15114.6 -15277.2  
163.933 7502.71 15168.4 -15331.3  
164.223 7529.5 15222.2 -15385.4  
164.514 7556.34 15276.2 -15439.7  
164.804 7583.22 15330.2 -15494.1  
165.095 7610.16 15384.4 -15548.5  
165.386 7637.14 15438.7 -15603  
165.676 7664.17 15493 -15657.7  
165.967 7691.24 15547.5 -15712.4  
166.258 7718.37 15602 -15767.2  
166.548 7745.54 15656.6 -15822.2  
166.839 7772.76 15711.4 -15877.2  
167.129 7800.02 15766.2 -15932.3  
167.42 7827.34 15821.1 -15987.5  
167.711 7854.7 15876.1 -16042.8  
168.001 7882.11 15931.2 -16098.2  
168.292 7909.57 15986.4 -16153.7  
168.583 7937.08 16041.7 -16209.3  
168.873 7964.63 16097.1 -16265  
169.164 7992.23 16152.6 -16320.8  
169.454 8019.88 16208.2 -16376.7  
169.745 8047.58 16263.9 -16432.6  
170.036 8075.32 16319.7 -16488.7  
170.326 8103.11 16375.6 -16544.9  
170.617 8130.95 16431.5 -16601.1  
170.908 8158.84 16487.6 -16657.5  
171.198 8186.78 16543.7 -16713.9  
171.489 8214.76 16600 -16770.5  
171.779 8242.79 16656.4 -16827.1  
172.07 8270.87 16712.8 -16883.9  
172.361 8298.99 16769.3 -16940.7  
172.651 8327.17 16826 -16997.6  
172.942 8355.39 16882.7 -17054.7  
173.232 8383.66 16939.5 -17111.8  
173.523 8411.97 16996.5 -17169  
173.814 8440.34 17053.5 -17226.3  
174.104 8468.75 17110.6 -17283.7  
174.395 8497.21 17167.8 -17341.2  
174.686 8525.72 17225.1 -17398.8  
174.976 8554.27 17282.5 -17456.5  
175.267 8582.88 17340 -17514.3  
175.557 8611.53 17397.6 -17572.2  
175.848 8640.23 17455.3 -17630.2  
176.139 8668.97 17513.1 -17688.2  
176.429 8697.77 17571 -17746.4  
176.72 8726.61 17628.9 -17804.7  
177.011 8755.5 17687 -17863  
177.301 8784.44 17745.2 -17921.5  
177.592 8813.42 17803.4 -17980  
177.882 8842.45 17861.8 -18038.7  
178.173 8871.53 17920.2 -18097.4  
178.464 8900.66 17978.8 -18156.2  
178.754 8929.84 18037.4 -18215.2  
179.045 8959.06 18096.2 -18274.2  
179.335 8988.33 18155 -18333.3  
179.626 9017.65 18213.9 -18392.6  
179.917 9047.02 18272.9 -18451.9  
180.207 9076.43 18332.1 -18511.3  
180.498 9105.89 18391.3 -18570.8  
180.789 9135.4 18450.6 -18630.4  
181.079 9164.96 18510 -18690.1  
181.37 9194.56 18569.5 -18749.9  
181.66 9224.22 18629.1 -18809.8  
181.951 9253.92 18688.8 -18869.7  
182.242 9283.66 18748.6 -18929.8  
182.532 9313.46 18808.5 -18990  
182.823 9343.3 18868.4 -19050.3  
183.113 9373.19 18928.5 -19110.6  
183.404 9403.13 18988.7 -19171.1  
183.695 9433.12 19048.9 -19231.6  
183.985 9463.15 19109.3 -19292.3  
184.276 9493.24 19169.7 -19353  
184.567 9523.37 19230.3 -19413.9  
184.857 9553.54 19290.9 -19474.8  
185.148 9583.77 19351.7 -19535.8  
185.438 9614.04 19412.5 -19597  
185.729 9644.36 19473.5 -19658.2  
186.02 9674.73 19534.5 -19719.5  
186.31 9705.15 19595.6 -19780.9  
186.601 9735.61 19656.8 -19842.4  
186.891 9766.12 19718.1 -19904  
187.182 9796.68 19779.5 -19965.7  
187.473 9827.29 19841 -20027.5  
187.763 9857.94 19902.6 -20089.4  
188.054 9888.64 19964.3 -20151.4  
188.344 9919.39 20026.1 -20213.5  
188.635 9950.19 20088 -20275.7  
188.926 9981.04 20150 -20337.9  
189.216 10011.9 20212.1 -20400.3  
189.507 10042.9 20274.2 -20462.8  
189.798 10073.9 20336.5 -20525.3  
190.088 10104.9 20398.9 -20588  
190.379 10136 20461.3 -20650.7  
190.669 10167.1 20523.9 -20713.6  
190.96 10198.3 20586.5 -20776.5  
191.251 10229.5 20649.3 -20839.5  
191.541 10260.8 20712.1 -20902.7  
191.832 10292.1 20775.1 -20965.9  
192.122 10323.5 20838.1 -21029.2  
192.413 10354.9 20901.2 -21092.6  
192.704 10386.4 20964.4 -21156.1  
192.994 10417.9 21027.8 -21219.7  
193.285 10449.4 21091.2 -21283.5  
193.575 10481 21154.7 -21347.2  
193.866 10512.7 21218.3 -21411.1  
194.157 10544.4 21282 -21475.1  
194.447 10576.2 21345.8 -21539.2  
194.738 10608 21409.7 -21603.4  
195.028 10639.8 21473.6 -21667.7  
195.319 10671.7 21537.7 -21732  
195.61 10703.6 21601.9 -21796.5  
195.9 10735.6 21666.2 -21861.1  
196.191 10767.7 21730.5 -21925.7  
196.481 10799.8 21795 -21990.5  
196.772 10831.9 21859.6 -22055.3  
197.063 10864.1 21924.2 -22120.3  
197.353 10896.3 21989 -22185.3  
197.644 10928.6 22053.8 -22250.4  
197.934 10960.9 22118.7 -22315.7  
198.225 10993.3 22183.8 -22381  
198.516 11025.7 22248.9 -22446.4  
198.806 11058.2 22314.1 -22511.9  
199.097 11090.7 22379.5 -22577.5  
199.388 11123.2 22444.9 -22643.3  
199.678 11155.9 22510.4 -22709.1  
199.969 11188.5 22576 -22775  
200.259 11221.2 22641.7 -22840.9  
200.55 11254 22707.5 -22907  
200.841 11286.8 22773.4 -22973.2  
201.131 11319.6 22839.4 -23039.5  
201.422 11352.5 22905.5 -23105.9  
201.712 11385.5 22971.6 -23172.3  
202.003 11418.5 23037.9 -23238.9  
202.294 11451.5 23104.3 -23305.6  
202.584 11484.6 23170.7 -23372.3  
202.875 11517.7 23237.3 -23439.2  
203.165 11550.9 23304 -23506.1  
203.456 11584.1 23370.7 -23573.2  
203.747 11617.4 23437.6 -23640.3  
204.037 11650.7 23504.5 -23707.5  
204.328 11684.1 23571.5 -23774.9  
204.618 11717.5 23638.7 -23842.3  
204.909 11751 23705.9 -23909.8  
205.2 11784.5 23773.2 -23977.4  
205.49 11818.1 23840.6 -24045.1  
205.781 11851.7 23908.2 -24112.9  
206.071 11885.3 23975.8 -24180.8  
206.362 11919.1 24043.5 -24248.8  
206.653 11952.8 24111.3 -24316.9  
206.943 11986.6 24179.2 -24385.1  
207.234 12020.5 24247.2 -24453.4  
207.524 12054.4 24315.3 -24521.8  
207.815 12088.3 24383.4 -24590.3  
208.106 12122.3 24451.7 -24658.8  
208.396 12156.3 24520.1 -24727.5  
208.687 12190.4 24588.6 -24796.2  
208.977 12224.6 24657.1 -24865.1  
209.268 12258.8 24725.8 -24934  
209.559 12293 24794.5 -25003.1  
209.849 12327.3 24863.4 -25072.2  
210.14 12361.6 24932.3 -25141.5  
210.43 12396 25001.4 -25210.8  
210.721 12430.4 25070.5 -25280.2  
211.012 12464.9 25139.7 -25349.8  
211.302 12499.4 25209.1 -25419.4  
211.593 12534 25278.5 -25489.1  
211.883 12568.6 25348 -25558.9  
212.174 12603.2 25417.6 -25628.8  
212.465 12637.9 25487.3 -25698.8  
212.755 12672.7 25557.1 -25768.9  
213.046 12707.5 25627 -25839.1  
213.336 12742.4 25697 -25909.4  
213.627 12777.3 25767.1 -25979.8  
213.918 12812.2 25837.3 -26050.2  
214.208 12847.2 25907.6 -26120.8  
214.499 12882.2 25978 -26191.5  
214.789 12917.3 26048.4 -26262.2  
215.08 12952.5 26119 -26333.1  
215.371 12987.7 26189.7 -26404.1  
215.661 13022.9 26260.4 -26475.1  
215.952 13058.2 26331.3 -26546.2  
216.242 13093.5 26402.2 -26617.5  
216.533 13128.9 26473.3 -26688.8  
216.824 13164.3 26544.4 -26760.3  
217.114 13199.8 26615.7 -26831.8  
217.405 13235.3 26687 -26903.4  
217.695 13270.9 26758.4 -26975.1  
217.986 13306.5 26829.9 -27046.9  
218.276 13342.1 26901.6 -27118.8  
218.567 13377.9 26973.3 -27190.8  
218.858 13413.6 27045.1 -27262.9  
219.148 13449.4 27117 -27335.1  
219.439 13485.3 27189 -27407.4  
219.729 13521.2 27261.1 -27479.8  
220.02 13557.1 27333.3 -27552.3  
220.311 13593.1 27405.6 -27624.9  
220.601 13629.2 27477.9 -27697.5  
220.892 13665.3 27550.4 -27770.3  
221.182 13701.4 27623 -27843.2  
221.473 13737.6 27695.7 -27916.1  
221.764 13773.8 27768.4 -27989.2  
222.054 13810.1 27841.3 -28062.3  
222.345 13846.4 27914.2 -28135.6  
222.635 13882.8 27987.3 -28208.9  
222.926 13919.2 28060.4 -28282.3  
223.217 13955.7 28133.7 -28355.9  
223.507 13992.2 28207 -28429.5  
223.798 14028.8 28280.4 -28503.2  
224.088 14065.4 28353.9 -28577  
224.379 14102.1 28427.6 -28650.9  
224.67 14138.8 28501.3 -28725  
224.96 14175.6 28575.1 -28799.1  
225.251 14212.4 28649 -28873.3  
225.541 14249.2 28723 -28947.6  
225.832 14286.1 28797.1 -29021.9  
226.123 14323.1 28871.3 -29096.4  
226.413 14360.1 28945.6 -29171  
226.704 14397.1 29020 -29245.7  
226.994 14434.2 29094.5 -29320.4  
227.285 14471.4 29169 -29395.3  
227.575 14508.6 29243.7 -29470.3  
227.866 14545.8 29318.5 -29545.3  
228.157 14583.1 29393.3 -29620.5  
228.447 14620.4 29468.3 -29695.7  
228.738 14657.8 29543.3 -29771.1  
229.028 14695.2 29618.5 -29846.5  
229.319 14732.7 29693.7 -29922  
229.61 14770.2 29769.1 -29997.7  
229.9 14807.8 29844.5 -30073.4  
230.191 14845.4 29920 -30149.2  
230.481 14883.1 29995.7 -30225.1  
230.772 14920.8 30071.4 -30301.1  
231.063 14958.6 30147.2 -30377.3  
231.353 14996.4 30223.1 -30453.5  
231.644 15034.2 30299.1 -30529.8  
231.934 15072.1 30375.2 -30606.1  
232.225 15110.1 30451.4 -30682.6  
232.515 15148.1 30527.7 -30759.2  
232.806 15186.1 30604.1 -30835.9  
233.097 15224.2 30680.6 -30912.7  
233.387 15262.4 30757.1 -30989.5  
233.678 15300.6 30833.8 -31066.5  
233.968 15338.8 30910.6 -31143.6  
234.259 15377.1 30987.5 -31220.7  
234.55 15415.4 31064.4 -31298  
234.84 15453.8 31141.5 -31375.3  
235.131 15492.2 31218.6 -31452.8  
235.421 15530.7 31295.9 -31530.3  
235.712 15569.3 31373.2 -31607.9  
236.003 15607.8 31450.6 -31685.7  
236.293 15646.4 31528.2 -31763.5  
236.584 15685.1 31605.8 -31841.4  
236.874 15723.8 31683.5 -31919.4  
237.165 15762.6 31761.4 -31997.5  
237.455 15801.4 31839.3 -32075.7  
237.746 15840.3 31917.3 -32154  
238.037 15879.2 31995.4 -32232.4  
238.327 15918.1 32073.6 -32310.9  
238.618 15957.1 32151.9 -32389.5  
238.908 15996.2 32230.3 -32468.2  
239.199 16035.3 32308.8 -32547  
239.49 16074.4 32387.3 -32625.8  
239.78 16113.6 32466 -32704.8  
240.071 16152.9 32544.8 -32783.9  
240.361 16192.1 32623.7 -32863  
240.652 16231.5 32702.6 -32942.3  
240.943 16270.9 32781.7 -33021.6  
241.233 16310.3 32860.8 -33101.1  
241.524 16349.8 32940.1 -33180.6  
241.814 16389.3 33019.4 -33260.2  
242.105 16428.9 33098.9 -33340  
242.395 16468.5 33178.4 -33419.8  
242.686 16508.2 33258 -33499.7  
242.977 16547.9 33337.8 -33579.7  
243.267 16587.7 33417.6 -33659.9  
243.558 16627.5 33497.5 -33740.1  
243.848 16667.3 33577.5 -33820.4  
244.139 16707.2 33657.6 -33900.8  
244.43 16747.2 33737.8 -33981.3  
244.72 16787.2 33818.1 -34061.9  
245.011 16827.3 33898.5 -34142.5  
245.301 16867.4 33979 -34223.3  
245.592 16907.5 34059.6 -34304.2  
245.882 16947.7 34140.3 -34385.2  
246.173 16987.9 34221.1 -34466.2  
246.464 17028.2 34301.9 -34547.4  
246.754 17068.6 34382.9 -34628.7  
247.045 17109 34464 -34710  
247.335 17149.4 34545.1 -34791.5  
247.626 17189.9 34626.4 -34873  
247.917 17230.4 34707.7 -34954.6  
248.207 17271 34789.2 -35036.4  
248.498 17311.6 34870.7 -35118.2  
248.788 17352.3 34952.3 -35200.1  
249.079 17393 35034.1 -35282.2  
249.37 17433.8 35115.9 -35364.3  
249.66 17474.6 35197.8 -35446.5  
249.951 17515.4 35279.8 -35528.8  
250.241 17556.4 35362 -35611.2  
250.532 17597.3 35444.2 -35693.7  
250.822 17638.3 35526.5 -35776.3  
251.113 17679.4 35608.9 -35859  
251.404 17720.5 35691.4 -35941.8  
251.694 17761.6 35773.9 -36024.6  
251.985 17802.8 35856.6 -36107.6  
252.275 17844.1 35939.4 -36190.7  
252.566 17885.4 36022.3 -36273.8  
252.856 17926.7 36105.3 -36357.1  
253.147 17968.1 36188.3 -36440.5  
253.438 18009.5 36271.5 -36523.9  
253.728 18051 36354.7 -36607.5  
254.019 18092.5 36438.1 -36691.1  
254.309 18134.1 36521.5 -36774.8  
254.6 18175.7 36605.1 -36858.7  
254.891 18217.4 36688.7 -36942.6  
255.181 18259.1 36772.5 -37026.6  
255.472 18300.9 36856.3 -37110.8  
255.762 18342.7 36940.2 -37195  
256.053 18384.6 37024.2 -37279.3  
256.343 18426.5 37108.3 -37363.7  
256.634 18468.5 37192.6 -37448.2  
256.925 18510.5 37276.9 -37532.8  
257.215 18552.5 37361.3 -37617.5  
257.506 18594.6 37445.8 -37702.3  
257.796 18636.8 37530.4 -37787.2  
258.087 18679 37615 -37872.1  
258.378 18721.2 37699.8 -37957.2  
258.668 18763.5 37784.7 -38042.4  
258.959 18805.9 37869.7 -38127.6  
259.249 18848.2 37954.7 -38213  
259.54 18890.7 38039.9 -38298.5  
259.83 18933.2 38125.2 -38384  
260.121 18975.7 38210.5 -38469.7  
260.412 19018.3 38296 -38555.4  
260.702 19060.9 38381.5 -38641.2  
260.993 19103.6 38467.2 -38727.2  
261.283 19146.3 38552.9 -38813.2  
261.574 19189.1 38638.7 -38899.3  
261.865 19231.9 38724.7 -38985.5  
262.155 19274.8 38810.7 -39071.8  
262.446 19317.7 38896.8 -39158.3  
262.736 19360.6 38983 -39244.8  
263.027 19403.7 39069.3 -39331.4  
263.317 19446.7 39155.7 -39418.1  
263.608 19489.8 39242.2 -39504.8  
263.899 19533 39328.8 -39591.7  
264.189 19576.2 39415.5 -39678.7  
264.48 19619.4 39502.3 -39765.8  
264.77 19662.7 39589.2 -39853  
265.061 19706.1 39676.2 -39940.2  
265.351 19749.4 39763.2 -40027.6  
265.642 19792.9 39850.4 -40115.1  
265.933 19836.4 39937.7 -40202.6  
266.223 19879.9 40025 -40290.3  
266.514 19923.5 40112.5 -40378  
266.804 19967.1 40200 -40465.8  
267.095 20010.8 40287.7 -40553.8  
267.386 20054.5 40375.4 -40641.8  
267.676 20098.3 40463.3 -40729.9  
267.967 20142.1 40551.2 -40818.2  
268.257 20186 40639.2 -40906.5  
268.548 20229.9 40727.3 -40994.9  
268.838 20273.9 40815.6 -41083.4  
269.129 20317.9 40903.9 -41172  
269.42 20361.9 40992.3 -41260.7  
269.71 20406 41080.8 -41349.5  
270.001 20450.2 41169.4 -41438.4  
270.291 20494.4 41258.1 -41527.4  
270.582 20538.6 41346.9 -41616.5  
270.872 20582.9 41435.8 -41705.6  
271.163 20627.3 41524.7 -41794.9  
271.454 20671.7 41613.8 -41884.3  
271.744 20716.1 41703 -41973.7  
272.035 20760.6 41792.3 -42063.3  
272.325 20805.1 41881.6 -42152.9  
272.616 20849.7 41971.1 -42242.7  
272.906 20894.4 42060.6 -42332.5  
273.197 20939 42150.3 -42422.5  
273.488 20983.8 42240 -42512.5  
273.778 21028.5 42329.9 -42602.6  
274.069 21073.4 42419.8 -42692.9  
274.359 21118.2 42509.8 -42783.2  
274.65 21163.2 42600 -42873.6  
274.941 21208.1 42690.2 -42964.1  
275.231 21253.1 42780.5 -43054.7  
275.522 21298.2 42870.9 -43145.4  
275.812 21343.3 42961.4 -43236.2  
276.103 21388.5 43052 -43327.1  
276.393 21433.7 43142.7 -43418.1  
276.684 21478.9 43233.5 -43509.2  
276.975 21524.2 43324.4 -43600.4  
277.265 21569.6 43415.4 -43691.7  
277.556 21615 43506.5 -43783  
277.846 21660.4 43597.6 -43874.5  
278.137 21705.9 43688.9 -43966.1  
278.427 21751.4 43780.3 -44057.7  
278.718 21797 43871.7 -44149.5  
279.009 21842.6 43963.3 -44241.3  
279.299 21888.3 44055 -44333.2  
279.59 21934.1 44146.7 -44425.3  
279.88 21979.8 44238.5 -44517.4  
280.171 22025.7 44330.5 -44609.7  
280.461 22071.5 44422.5 -44702  
280.752 22117.4 44514.6 -44794.4  
281.043 22163.4 44606.9 -44886.9  
281.333 22209.4 44699.2 -44979.5  
281.624 22255.5 44791.6 -45072.2  
281.914 22301.6 44884.1 -45165  
282.205 22347.8 44976.7 -45257.9  
282.495 22394 45069.4 -45350.9  
282.786 22440.2 45162.2 -45444  
283.077 22486.5 45255.1 -45537.2  
283.367 22532.9 45348.1 -45630.5  
283.658 22579.3 45441.2 -45723.8  
283.948 22625.7 45534.4 -45817.3  
284.239 22672.2 45627.6 -45910.9  
284.529 22718.7 45721 -46004.5  
284.82 22765.3 45814.5 -46098.3  
285.111 22812 45908 -46192.1  
285.401 22858.6 46001.7 -46286.1  
285.692 22905.4 46095.4 -46380.1  
285.982 22952.2 46189.3 -46474.3  
286.273 22999 46283.2 -46568.5  
286.563 23045.9 46377.3 -46662.8  
286.854 23092.8 46471.4 -46757.3  
287.145 23139.7 46565.6 -46851.8  
287.435 23186.8 46659.9 -46946.4  
287.726 23233.8 46754.4 -47041.1  
288.016 23280.9 46848.9 -47135.9  
288.307 23328.1 46943.5 -47230.8  
288.598 23375.3 47038.2 -47325.8  
288.888 23422.6 47133 -47420.9  
289.179 23469.9 47227.9 -47516.1  
289.469 23517.2 47322.9 -47611.4  
289.76 23564.6 47418 -47706.7  
290.05 23612.1 47513.2 -47802.2  
290.341 23659.5 47608.4 -47897.8  
290.632 23707.1 47703.8 -47993.4  
290.922 23754.7 47799.3 -48089.2  
291.213 23802.3 47894.8 -48185  
291.503 23850 47990.5 -48281  
291.794 23897.7 48086.3 -48377  
292.084 23945.5 48182.1 -48473.2  
292.375 23993.3 48278 -48569.4  
