1 0 0 0  
0.99354 0.00573717 0.0050147 0.00144493  
0.987132 0.0114327 0.00999703 0.00287127  
0.980773 0.0170869 0.0149472 0.00427928  
0.974465 0.0227002 0.0198656 0.00566922  
0.968206 0.028273 0.0247523 0.00704135  
0.961996 0.0338057 0.0296077 0.00839592  
0.955835 0.0392986 0.034432 0.00973318  
0.949721 0.044752 0.0392253 0.0110534  
0.943655 0.0501665 0.0439881 0.0123568  
0.937636 0.0555422 0.0487204 0.0136435  
0.931663 0.0608796 0.0534226 0.014914  
0.925737 0.066179 0.0580948 0.0161683  
0.919856 0.0714407 0.0627374 0.0174067  
0.91402 0.0766652 0.0673504 0.0186294  
0.908229 0.0818526 0.0719343 0.0198367  
0.902482 0.0870034 0.0764891 0.0210287  
0.896779 0.0921179 0.0810151 0.0222057  
0.89112 0.0971964 0.0855125 0.0233679  
0.885503 0.102239 0.0899815 0.0245155  
0.879929 0.107247 0.0944224 0.0256487  
0.874397 0.112219 0.0988354 0.0267676  
0.868907 0.117157 0.103221 0.0278725  
0.863458 0.12206 0.107578 0.0289636  
0.85805 0.126929 0.111909 0.0300411  
0.852683 0.131765 0.116212 0.0311051  
0.847356 0.136566 0.120488 0.0321559  
0.842068 0.141335 0.124738 0.0331936  
0.83682 0.146071 0.128961 0.0342184  
0.831611 0.150773 0.133158 0.0352304  
0.826441 0.155444 0.137329 0.0362299  
0.821309 0.160082 0.141474 0.037217  
0.816215 0.164689 0.145593 0.0381919  
0.811159 0.169264 0.149687 0.0391548  
0.806139 0.173808 0.153755 0.0401057  
0.801157 0.178321 0.157798 0.041045  
0.796211 0.182803 0.161816 0.0419726  
0.791302 0.187254 0.16581 0.0428889  
0.786428 0.191675 0.169778 0.0437939  
0.78159 0.196067 0.173723 0.0446878  
0.776787 0.200428 0.177643 0.0455707  
0.772019 0.20476 0.181539 0.0464428  
0.767285 0.209063 0.185411 0.0473043  
0.762586 0.213337 0.189259 0.0481552  
0.75792 0.217582 0.193084 0.0489957  
0.753289 0.221798 0.196885 0.049826  
0.74869 0.225987 0.200663 0.0506462  
0.744125 0.230147 0.204419 0.0514564  
0.739592 0.234279 0.208151 0.0522568  
0.735092 0.238384 0.21186 0.0530474  
0.730624 0.242462 0.215547 0.0538284  
0.726188 0.246512 0.219212 0.0546  
0.721783 0.250535 0.222854 0.0553623  
0.71741 0.254532 0.226475 0.0561153  
0.713068 0.258503 0.230073 0.0568593  
0.708756 0.262447 0.233649 0.0575942  
0.704475 0.266365 0.237204 0.0583203  
0.700224 0.270257 0.240738 0.0590377  
0.696004 0.274123 0.24425 0.0597464  
0.691812 0.277964 0.247741 0.0604467  
0.68765 0.28178 0.251211 0.0611385  
0.683518 0.285571 0.25466 0.061822  
0.679414 0.289337 0.258089 0.0624974  
0.675339 0.293079 0.261496 0.0631646  
0.671292 0.296796 0.264884 0.0638239  
0.667274 0.300489 0.268251 0.0644753  
0.663283 0.304157 0.271598 0.0651189  
0.65932 0.307802 0.274925 0.0657549  
0.655385 0.311424 0.278232 0.0663833  
0.651476 0.315022 0.281519 0.0670042  
0.647595 0.318596 0.284787 0.0676177  
0.64374 0.322148 0.288036 0.068224  
0.639912 0.325676 0.291265 0.068823  
0.636111 0.329182 0.294474 0.069415  
0.632335 0.332665 0.297665 0.0699999  
0.628585 0.336126 0.300837 0.070578  
0.624861 0.339565 0.30399 0.0711492  
0.621162 0.342981 0.307124 0.0717136  
0.617489 0.346376 0.31024 0.0722714  
0.61384 0.349749 0.313337 0.0728226  
0.610216 0.3531 0.316417 0.0733673  
0.606617 0.35643 0.319477 0.0739056  
0.603042 0.359739 0.32252 0.0744376  
0.599491 0.363027 0.325545 0.0749633  
0.595965 0.366294 0.328552 0.0754829  
0.592462 0.36954 0.331542 0.0759964  
0.588982 0.372766 0.334514 0.0765038  
0.585526 0.375971 0.337468 0.0770053  
0.582094 0.379156 0.340405 0.077501  
0.578684 0.382321 0.343325 0.0779908  
0.575297 0.385466 0.346228 0.0784749  
0.571933 0.388591 0.349114 0.0789534  
0.568591 0.391696 0.351983 0.0794263  
0.565271 0.394782 0.354835 0.0798937  
0.561974 0.397848 0.357671 0.0803557  
0.558698 0.400896 0.36049 0.0808123  
0.555444 0.403924 0.363292 0.0812636  
0.552212 0.406933 0.366079 0.0817096  
0.549001 0.409924 0.368849 0.0821505  
0.545811 0.412896 0.371603 0.0825862  
0.542643 0.415849 0.374341 0.0830169  
0.539495 0.418784 0.377063 0.0834426  
0.536368 0.421701 0.379769 0.0838635  
0.533261 0.424599 0.38246 0.0842794  
0.530175 0.42748 0.385135 0.0846905  
0.527109 0.430343 0.387794 0.0850969  
0.524063 0.433188 0.390438 0.0854986  
0.521037 0.436015 0.393067 0.0858957  
0.518031 0.438825 0.395681 0.0862882  
0.515044 0.441618 0.39828 0.0866762  
0.512077 0.444393 0.400863 0.0870597  
0.509129 0.447152 0.403432 0.0874389  
0.5062 0.449893 0.405986 0.0878137  
0.50329 0.452618 0.408526 0.0881841  
0.500399 0.455326 0.41105 0.0885504  
0.497527 0.458017 0.413561 0.0889124  
0.494673 0.460692 0.416057 0.0892703  
0.491838 0.46335 0.418538 0.0896241  
0.489021 0.465992 0.421005 0.0899739  
0.486222 0.468618 0.423459 0.0903196  
0.483441 0.471228 0.425898 0.0906615  
0.480678 0.473823 0.428323 0.0909994  
0.477932 0.476401 0.430734 0.0913335  
0.475204 0.478964 0.433132 0.0916637  
0.472494 0.481511 0.435516 0.0919902  
0.469801 0.484043 0.437886 0.092313  
0.467125 0.486559 0.440243 0.0926322  
0.464466 0.48906 0.442586 0.0929477  
0.461824 0.491546 0.444916 0.0932596  
0.459199 0.494017 0.447233 0.093568  
0.45659 0.496473 0.449537 0.0938729  
0.453998 0.498915 0.451827 0.0941743  
0.451423 0.501341 0.454105 0.0944724  
0.448863 0.503753 0.45637 0.094767  
0.44632 0.506151 0.458621 0.0950583  
0.443793 0.508534 0.460861 0.0953464  
0.441282 0.510903 0.463087 0.0956312  
0.438787 0.513257 0.465301 0.0959127  
0.436307 0.515598 0.467502 0.0961911  
0.433843 0.517924 0.469691 0.0964664  
0.431394 0.520237 0.471867 0.0967386  
0.428961 0.522535 0.474032 0.0970077  
0.426543 0.52482 0.476184 0.0972737  
0.42414 0.527092 0.478323 0.0975368  
0.421752 0.52935 0.480451 0.0977969  
0.419379 0.531594 0.482567 0.0980541  
0.417021 0.533825 0.484671 0.0983085  
0.414677 0.536043 0.486763 0.0985599  
0.412348 0.538248 0.488843 0.0988086  
0.410033 0.540439 0.490912 0.0990545  
0.407733 0.542618 0.492969 0.0992976  
0.405447 0.544784 0.495015 0.099538  
0.403175 0.546937 0.497049 0.0997757  
0.400918 0.549077 0.499072 0.100011  
0.398674 0.551204 0.501083 0.100243  
0.396444 0.553319 0.503083 0.100473  
0.394228 0.555422 0.505072 0.1007  
0.392025 0.557512 0.50705 0.100925  
0.389836 0.55959 0.509016 0.101147  
0.387661 0.561656 0.510972 0.101367  
0.385499 0.563709 0.512917 0.101584  
0.38335 0.565751 0.514851 0.101799  
0.381214 0.56778 0.516774 0.102012  
0.379091 0.569798 0.518687 0.102222  
0.376982 0.571804 0.520589 0.10243  
0.374885 0.573798 0.52248 0.102635  
0.372801 0.57578 0.524361 0.102838  
0.370729 0.577751 0.526231 0.103039  
0.368671 0.57971 0.528091 0.103238  
0.366625 0.581658 0.529941 0.103435  
0.364591 0.583595 0.53178 0.103629  
0.362569 0.58552 0.533609 0.103821  
0.36056 0.587434 0.535428 0.104011  
0.358563 0.589337 0.537237 0.104199  
0.356579 0.591229 0.539036 0.104385  
0.354606 0.59311 0.540825 0.104569  
0.352645 0.59498 0.542604 0.104751  
0.350696 0.596839 0.544373 0.104931  
0.348758 0.598687 0.546133 0.105109  
0.346833 0.600525 0.547883 0.105285  
0.344919 0.602352 0.549623 0.105459  
0.343016 0.604169 0.551353 0.105631  
0.341125 0.605975 0.553074 0.105801  
0.339245 0.60777 0.554786 0.105969  
0.337377 0.609555 0.556488 0.106136  
0.33552 0.61133 0.55818 0.1063  
0.333673 0.613095 0.559864 0.106463  
0.331838 0.61485 0.561538 0.106624  
0.330014 0.616594 0.563203 0.106783  
0.328201 0.618329 0.564858 0.106941  
0.326399 0.620053 0.566505 0.107096  
0.324607 0.621768 0.568143 0.107251  
0.322826 0.623473 0.569771 0.107403  
0.321056 0.625168 0.571391 0.107554  
0.319296 0.626853 0.573002 0.107703  
0.317546 0.628529 0.574604 0.10785  
0.315807 0.630195 0.576197 0.107996  
0.314079 0.631851 0.577781 0.10814  
0.31236 0.633498 0.579357 0.108283  
0.310652 0.635136 0.580924 0.108424  
0.308954 0.636765 0.582483 0.108564  
0.307266 0.638384 0.584033 0.108702  
0.305587 0.639994 0.585574 0.108838  
0.303919 0.641594 0.587108 0.108973  
0.302261 0.643186 0.588633 0.109107  
0.300612 0.644768 0.590149 0.109239  
0.298973 0.646342 0.591657 0.10937  
0.297344 0.647907 0.593157 0.109499  
0.295724 0.649463 0.594649 0.109627  
0.294114 0.651009 0.596133 0.109753  
0.292513 0.652548 0.597609 0.109878  
0.290922 0.654077 0.599076 0.110002  
0.28934 0.655598 0.600536 0.110124  
0.287767 0.65711 0.601987 0.110246  
0.286203 0.658614 0.603431 0.110365  
0.284649 0.660109 0.604867 0.110484  
0.283104 0.661596 0.606295 0.110601  
0.281567 0.663074 0.607716 0.110717  
0.28004 0.664544 0.609129 0.110831  
0.278521 0.666006 0.610534 0.110945  
0.277012 0.66746 0.611931 0.111057  
0.275511 0.668905 0.613321 0.111168  
0.274019 0.670342 0.614703 0.111278  
0.272535 0.671771 0.616078 0.111386  
0.271061 0.673192 0.617445 0.111494  
0.269594 0.674606 0.618805 0.1116  
0.268137 0.676011 0.620158 0.111705  
0.266687 0.677408 0.621503 0.111809  
0.265246 0.678798 0.622842 0.111912  
0.263814 0.680179 0.624172 0.112014  
0.262389 0.681553 0.625496 0.112115  
0.260973 0.68292 0.626813 0.112214  
0.259565 0.684278 0.628122 0.112313  
0.258166 0.685629 0.629424 0.11241  
0.256774 0.686973 0.63072 0.112506  
0.25539 0.688309 0.632008 0.112602  
0.254015 0.689637 0.633289 0.112696  
0.252647 0.690959 0.634564 0.112789  
0.251287 0.692272 0.635831 0.112882  
0.249935 0.693579 0.637092 0.112973  
0.24859 0.694878 0.638346 0.113063  
0.247254 0.69617 0.639594 0.113153  
0.245925 0.697455 0.640834 0.113241  
0.244603 0.698732 0.642068 0.113329  
0.243289 0.700003 0.643295 0.113415  
0.241983 0.701266 0.644516 0.113501  
0.240684 0.702523 0.64573 0.113586  
0.239393 0.703772 0.646938 0.113669  
0.238109 0.705015 0.648139 0.113752  
0.236832 0.706251 0.649334 0.113834  
0.235563 0.70748 0.650522 0.113915  
0.2343 0.708702 0.651704 0.113996  
0.233045 0.709917 0.652879 0.114075  
0.231798 0.711126 0.654049 0.114154  
0.230557 0.712327 0.655212 0.114231  
0.229323 0.713523 0.656369 0.114308  
0.228096 0.714711 0.657519 0.114384  
0.226877 0.715893 0.658664 0.114459  
0.225664 0.717069 0.659802 0.114534  
0.224458 0.718238 0.660934 0.114608  
0.223259 0.719401 0.662061 0.11468  
0.222067 0.720557 0.663181 0.114753  
0.220881 0.721707 0.664295 0.114824  
0.219702 0.722851 0.665403 0.114894  
0.21853 0.723988 0.666506 0.114964  
0.217365 0.725119 0.667602 0.115033  
0.216206 0.726244 0.668693 0.115102  
0.215053 0.727362 0.669778 0.115169  
0.213907 0.728475 0.670857 0.115236  
0.212768 0.729581 0.67193 0.115302  
0.211635 0.730681 0.672998 0.115368  
0.210508 0.731776 0.674059 0.115433  
0.209388 0.732864 0.675116 0.115497  
0.208274 0.733946 0.676166 0.11556  
0.207166 0.735023 0.677211 0.115623  
0.206064 0.736093 0.678251 0.115685  
0.204969 0.737158 0.679285 0.115746  
0.20388 0.738217 0.680313 0.115807  
0.202797 0.73927 0.681336 0.115867  
0.20172 0.740317 0.682354 0.115927  
0.200649 0.741359 0.683366 0.115986  
0.199584 0.742395 0.684373 0.116044  
0.198525 0.743425 0.685374 0.116101  
0.197471 0.744449 0.68637 0.116158  
0.196424 0.745468 0.687361 0.116215  
0.195383 0.746482 0.688347 0.116271  
0.194347 0.74749 0.689327 0.116326  
0.193317 0.748492 0.690302 0.11638  
0.192293 0.749489 0.691272 0.116435  
0.191275 0.750481 0.692237 0.116488  
0.190262 0.751467 0.693197 0.116541  
0.189255 0.752448 0.694151 0.116593  
0.188254 0.753424 0.695101 0.116645  
0.187258 0.754394 0.696046 0.116696  
0.186268 0.755359 0.696985 0.116747  
0.185283 0.756318 0.69792 0.116797  
0.184304 0.757273 0.69885 0.116847  
0.18333 0.758222 0.699774 0.116896  
0.182361 0.759167 0.700694 0.116945  
0.181398 0.760106 0.701609 0.116993  
0.18044 0.76104 0.702519 0.11704  
0.179488 0.761969 0.703425 0.117087  
0.178541 0.762892 0.704325 0.117134  
0.177599 0.763811 0.705221 0.11718  
0.176662 0.764725 0.706112 0.117226  
0.17573 0.765634 0.706999 0.117271  
0.174804 0.766538 0.707881 0.117316  
0.173882 0.767438 0.708758 0.11736  
0.172966 0.768332 0.70963 0.117404  
0.172055 0.769222 0.710498 0.117447  
0.171149 0.770106 0.711361 0.11749  
0.170248 0.770986 0.71222 0.117532  
0.169352 0.771861 0.713074 0.117574  
0.16846 0.772732 0.713924 0.117615  
0.167574 0.773598 0.714769 0.117656  
0.166693 0.774459 0.71561 0.117697  
0.165816 0.775315 0.716447 0.117737  
0.164944 0.776167 0.717279 0.117777  
0.164077 0.777015 0.718106 0.117816  
0.163215 0.777857 0.71893 0.117855  
0.162357 0.778696 0.719749 0.117894  
0.161505 0.779529 0.720563 0.117932  
0.160657 0.780359 0.721374 0.11797  
0.159813 0.781183 0.72218 0.118007  
0.158974 0.782004 0.722982 0.118044  
0.15814 0.78282 0.723779 0.118081  
0.15731 0.783631 0.724573 0.118117  
0.156485 0.784439 0.725362 0.118153  
0.155665 0.785242 0.726148 0.118188  
0.154848 0.78604 0.726929 0.118223  
0.154037 0.786834 0.727706 0.118258  
0.153229 0.787625 0.728479 0.118292  
0.152427 0.78841 0.729247 0.118326  
0.151628 0.789192 0.730012 0.11836  
0.150834 0.78997 0.730773 0.118393  
0.150044 0.790743 0.73153 0.118426  
0.149259 0.791512 0.732283 0.118458  
0.148478 0.792277 0.733032 0.118491  
0.147701 0.793038 0.733777 0.118522  
0.146928 0.793795 0.734518 0.118554  
0.14616 0.794548 0.735255 0.118585  
0.145395 0.795297 0.735989 0.118616  
0.144635 0.796042 0.736718 0.118647  
0.143879 0.796782 0.737444 0.118677  
0.143127 0.797519 0.738166 0.118707  
0.142379 0.798252 0.738884 0.118737  
0.141636 0.798981 0.739599 0.118766  
0.140896 0.799707 0.740309 0.118795  
0.14016 0.800428 0.741016 0.118824  
0.139429 0.801145 0.741719 0.118852  
0.138701 0.801859 0.742419 0.11888  
0.137977 0.802569 0.743115 0.118908  
0.137257 0.803275 0.743807 0.118935  
0.136541 0.803978 0.744496 0.118963  
0.135829 0.804676 0.745181 0.11899  
0.135121 0.805371 0.745863 0.119016  
0.134416 0.806062 0.746541 0.119043  
0.133716 0.80675 0.747215 0.119069  
0.133019 0.807434 0.747886 0.119095  
0.132326 0.808114 0.748554 0.11912  
0.131636 0.808791 0.749218 0.119146  
0.130951 0.809464 0.749878 0.119171  
0.130269 0.810133 0.750535 0.119196  
0.129591 0.810799 0.751189 0.11922  
0.128916 0.811462 0.751839 0.119244  
0.128245 0.812121 0.752486 0.119268  
0.127578 0.812776 0.75313 0.119292  
0.126914 0.813428 0.75377 0.119316  
0.126254 0.814076 0.754407 0.119339  
0.125598 0.814721 0.75504 0.119362  
0.124944 0.815363 0.755671 0.119385  
0.124295 0.816001 0.756298 0.119408  
0.123649 0.816636 0.756921 0.11943  
0.123006 0.817268 0.757542 0.119452  
0.122367 0.817896 0.758159 0.119474  
0.121731 0.818521 0.758773 0.119496  
0.121099 0.819142 0.759384 0.119517  
0.12047 0.819761 0.759991 0.119538  
0.119845 0.820376 0.760596 0.119559  
0.119223 0.820987 0.761197 0.11958  
0.118604 0.821596 0.761796 0.119601  
0.117988 0.822201 0.762391 0.119621  
0.117376 0.822803 0.762983 0.119641  
0.116767 0.823402 0.763572 0.119661  
0.116162 0.823998 0.764158 0.119681  
0.115559 0.824591 0.764741 0.1197  
0.11496 0.82518 0.76532 0.11972  
0.114364 0.825767 0.765897 0.119739  
0.113771 0.82635 0.766471 0.119758  
0.113182 0.82693 0.767042 0.119776  
0.112595 0.827507 0.76761 0.119795  
0.112012 0.828082 0.768175 0.119813  
0.111432 0.828653 0.768737 0.119831  
0.110855 0.829221 0.769296 0.119849  
0.11028 0.829786 0.769852 0.119867  
0.10971 0.830348 0.770406 0.119885  
0.109142 0.830907 0.770956 0.119902  
0.108577 0.831464 0.771504 0.119919  
0.108015 0.832017 0.772049 0.119936  
0.107456 0.832567 0.772591 0.119953  
0.1069 0.833115 0.77313 0.11997  
0.106347 0.83366 0.773666 0.119986  
0.105797 0.834202 0.7742 0.120003  
0.10525 0.834741 0.774731 0.120019  
0.104706 0.835277 0.775259 0.120035  
0.104165 0.83581 0.775785 0.120051  
0.103626 0.836341 0.776307 0.120067  
0.103091 0.836868 0.776827 0.120082  
0.102558 0.837393 0.777345 0.120098  
0.102028 0.837916 0.777859 0.120113  
0.101501 0.838435 0.778371 0.120128  
0.100977 0.838952 0.77888 0.120143  
0.100455 0.839466 0.779387 0.120157  
0.0999367 0.839977 0.779891 0.120172  
0.0994208 0.840486 0.780393 0.120186  
0.0989076 0.840992 0.780892 0.120201  
0.0983971 0.841495 0.781388 0.120215  
0.0978894 0.841996 0.781882 0.120229  
0.0973843 0.842494 0.782373 0.120243  
0.0968819 0.84299 0.782862 0.120257  
0.0963822 0.843483 0.783348 0.12027  
0.0958851 0.843973 0.783831 0.120284  
0.0953906 0.844461 0.784313 0.120297  
0.0948988 0.844946 0.784791 0.12031  
0.0944096 0.845429 0.785267 0.120323  
0.0939229 0.845909 0.785741 0.120336  
0.0934389 0.846387 0.786212 0.120349  
0.0929574 0.846862 0.786681 0.120361  
0.0924784 0.847335 0.787148 0.120374  
0.092002 0.847805 0.787612 0.120386  
0.0915281 0.848273 0.788074 0.120398  
0.0910567 0.848738 0.788533 0.120411  
0.0905877 0.849201 0.78899 0.120423  
0.0901213 0.849661 0.789444 0.120434  
0.0896573 0.85012 0.789897 0.120446  
0.0891958 0.850575 0.790346 0.120458  
0.0887367 0.851029 0.790794 0.120469  
0.08828 0.85148 0.791239 0.120481  
0.0878258 0.851928 0.791682 0.120492  
0.0873739 0.852375 0.792123 0.120503  
0.0869244 0.852819 0.792561 0.120514  
0.0864773 0.85326 0.792998 0.120525  
0.0860325 0.8537 0.793432 0.120536  
0.0855901 0.854137 0.793863 0.120547  
0.08515 0.854571 0.794293 0.120557  
0.0847122 0.855004 0.79472 0.120568  
0.0842768 0.855434 0.795145 0.120578  
0.0838436 0.855862 0.795568 0.120588  
0.0834127 0.856288 0.795989 0.120599  
0.0829841 0.856712 0.796407 0.120609  
0.0825577 0.857133 0.796824 0.120619  
0.0821335 0.857552 0.797238 0.120628  
0.0817116 0.857969 0.79765 0.120638  
0.0812919 0.858384 0.79806 0.120648  
0.0808745 0.858797 0.798468 0.120657  
0.0804592 0.859207 0.798874 0.120667  
0.0800461 0.859616 0.799278 0.120676  
0.0796351 0.860022 0.799679 0.120685  
0.0792263 0.860426 0.800079 0.120695  
0.0788197 0.860828 0.800477 0.120704  
0.0784152 0.861228 0.800872 0.120713  
0.0780128 0.861626 0.801266 0.120722  
0.0776125 0.862022 0.801657 0.12073  
0.0772143 0.862416 0.802047 0.120739  
0.0768182 0.862808 0.802434 0.120748  
0.0764242 0.863198 0.802819 0.120756  
0.0760323 0.863585 0.803203 0.120765  
0.0756424 0.863971 0.803584 0.120773  
0.0752545 0.864355 0.803964 0.120781  
0.0748687 0.864737 0.804342 0.12079  
0.0744849 0.865116 0.804717 0.120798  
0.0741031 0.865494 0.805091 0.120806  
0.0737233 0.86587 0.805463 0.120814  
0.0733455 0.866244 0.805833 0.120822  
0.0729697 0.866616 0.806201 0.120829  
0.0725958 0.866986 0.806567 0.120837  
0.0722239 0.867354 0.806931 0.120845  
0.0718539 0.86772 0.807294 0.120852  
0.0714859 0.868084 0.807654 0.12086  
0.0711197 0.868447 0.808013 0.120867  
0.0707555 0.868807 0.80837 0.120874  
0.0703932 0.869166 0.808725 0.120882  
0.0700328 0.869523 0.809078 0.120889  
0.0696743 0.869878 0.80943 0.120896  
0.0693177 0.870231 0.809779 0.120903  
0.0689629 0.870582 0.810127 0.12091  
0.0686099 0.870932 0.810473 0.120917  
0.0682588 0.871279 0.810818 0.120924  
0.0679096 0.871625 0.81116 0.12093  
0.0675621 0.871969 0.811501 0.120937  
0.0672165 0.872312 0.81184 0.120944  
0.0668726 0.872652 0.812177 0.12095  
0.0665306 0.872991 0.812513 0.120957  
0.0661903 0.873328 0.812847 0.120963  
0.0658518 0.873664 0.813179 0.120969  
0.0655151 0.873997 0.813509 0.120976  
0.0651802 0.874329 0.813838 0.120982  
0.0648469 0.874659 0.814165 0.120988  
0.0645154 0.874988 0.814491 0.120994  
0.0641857 0.875314 0.814814 0.121  
0.0638576 0.875639 0.815136 0.121006  
0.0635313 0.875963 0.815457 0.121012  
0.0632066 0.876285 0.815776 0.121018  
0.0628837 0.876605 0.816093 0.121024  
0.0625624 0.876923 0.816408 0.121029  
0.0622428 0.87724 0.816722 0.121035  
0.0619248 0.877555 0.817035 0.121041  
0.0616085 0.877868 0.817345 0.121046  
0.0612939 0.87818 0.817655 0.121052  
0.0609809 0.878491 0.817962 0.121057  
0.0606695 0.878799 0.818268 0.121062  
0.0603597 0.879106 0.818573 0.121068  
0.0600516 0.879412 0.818875 0.121073  
0.059745 0.879716 0.819177 0.121078  
0.05944 0.880018 0.819477 0.121083  
0.0591366 0.880319 0.819775 0.121088  
0.0588348 0.880618 0.820072 0.121094  
0.0585346 0.880916 0.820367 0.121099  
0.0582359 0.881212 0.820661 0.121103  
0.0579387 0.881507 0.820953 0.121108  
0.0576431 0.8818 0.821244 0.121113  
0.0573491 0.882092 0.821533 0.121118  
0.0570565 0.882382 0.821821 0.121123  
0.0567655 0.882671 0.822107 0.121128  
0.056476 0.882958 0.822392 0.121132  
0.056188 0.883244 0.822675 0.121137  
0.0559014 0.883528 0.822957 0.121141  
0.0556164 0.883811 0.823238 0.121146  
0.0553328 0.884092 0.823517 0.12115  
0.0550507 0.884372 0.823794 0.121155  
0.0547701 0.88465 0.824071 0.121159  
0.0544909 0.884927 0.824346 0.121163  
0.0542132 0.885203 0.824619 0.121168  
0.0539369 0.885477 0.824891 0.121172  
0.053662 0.88575 0.825162 0.121176  
0.0533886 0.886021 0.825431 0.12118  
0.0531165 0.886291 0.825699 0.121185  
0.0528459 0.88656 0.825965 0.121189  
0.0525767 0.886827 0.826231 0.121193  
0.0523088 0.887093 0.826495 0.121197  
0.0520424 0.887357 0.826757 0.121201  
0.0517773 0.88762 0.827018 0.121205  
0.0515136 0.887882 0.827278 0.121208  
0.0512513 0.888143 0.827536 0.121212  
0.0509903 0.888402 0.827794 0.121216  
0.0507306 0.888659 0.82805 0.12122  
0.0504723 0.888916 0.828304 0.121224  
0.0502154 0.889171 0.828557 0.121227  
0.0499597 0.889425 0.828809 0.121231  
0.0497054 0.889677 0.82906 0.121234  
0.0494524 0.889929 0.82931 0.121238  
0.0492007 0.890178 0.829558 0.121242  
0.0489503 0.890427 0.829805 0.121245  
0.0487012 0.890675 0.83005 0.121249  
0.0484534 0.890921 0.830295 0.121252  
0.0482068 0.891165 0.830538 0.121255  
0.0479616 0.891409 0.83078 0.121259  
0.0477176 0.891651 0.83102 0.121262  
0.0474748 0.891892 0.83126 0.121265  
0.0472333 0.892132 0.831498 0.121269  
0.0469931 0.892371 0.831735 0.121272  
0.0467541 0.892608 0.831971 0.121275  
0.0465163 0.892845 0.832206 0.121278  
0.0462797 0.89308 0.832439 0.121281  
0.0460444 0.893313 0.832671 0.121284  
0.0458103 0.893546 0.832902 0.121288  
0.0455773 0.893777 0.833132 0.121291  
0.0453456 0.894008 0.833361 0.121294  
0.0451151 0.894237 0.833588 0.121297  
0.0448858 0.894465 0.833815 0.121299  
0.0446576 0.894691 0.83404 0.121302  
0.0444306 0.894917 0.834264 0.121305  
0.0442048 0.895141 0.834487 0.121308  
0.0439801 0.895364 0.834709 0.121311  
0.0437566 0.895586 0.83493 0.121314  
0.0435343 0.895807 0.835149 0.121317  
0.0433131 0.896027 0.835368 0.121319  
0.043093 0.896246 0.835585 0.121322  
0.0428741 0.896464 0.835801 0.121325  
0.0426563 0.89668 0.836016 0.121327  
0.0424396 0.896895 0.83623 0.12133  
0.042224 0.89711 0.836443 0.121333  
0.0420095 0.897323 0.836655 0.121335  
0.0417962 0.897535 0.836866 0.121338  
0.0415839 0.897746 0.837076 0.12134  
0.0413727 0.897956 0.837285 0.121343  
0.0411626 0.898165 0.837492 0.121345  
0.0409536 0.898373 0.837699 0.121348  
0.0407457 0.898579 0.837904 0.12135  
0.0405388 0.898785 0.838109 0.121352  
0.040333 0.89899 0.838312 0.121355  
0.0401283 0.899193 0.838515 0.121357  
0.0399246 0.899396 0.838716 0.12136  
0.0397219 0.899597 0.838916 0.121362  
0.0395203 0.899798 0.839116 0.121364  
0.0393197 0.899997 0.839314 0.121366  
0.0391202 0.900196 0.839511 0.121369  
0.0389216 0.900393 0.839708 0.121371  
0.0387241 0.900589 0.839903 0.121373  
0.0385276 0.900785 0.840097 0.121375  
0.0383321 0.900979 0.840291 0.121377  
0.0381377 0.901173 0.840483 0.121379  
0.0379442 0.901365 0.840674 0.121382  
0.0377517 0.901556 0.840865 0.121384  
0.0375602 0.901747 0.841054 0.121386  
0.0373696 0.901936 0.841243 0.121388  
0.0371801 0.902125 0.84143 0.12139  
0.0369915 0.902313 0.841617 0.121392  
0.0368039 0.902499 0.841802 0.121394  
0.0366173 0.902685 0.841987 0.121396  
0.0364316 0.90287 0.842171 0.121398  
0.0362468 0.903053 0.842354 0.1214  
0.036063 0.903236 0.842535 0.121401  
0.0358802 0.903418 0.842716 0.121403  
0.0356983 0.903599 0.842897 0.121405  
0.0355173 0.903779 0.843076 0.121407  
0.0353372 0.903958 0.843254 0.121409  
0.0351581 0.904137 0.843431 0.121411  
0.0349799 0.904314 0.843608 0.121412  
0.0348026 0.90449 0.843783 0.121414  
0.0346262 0.904666 0.843958 0.121416  
0.0344507 0.90484 0.844132 0.121418  
0.0342761 0.905014 0.844304 0.121419  
0.0341024 0.905187 0.844476 0.121421  
0.0339295 0.905359 0.844648 0.121423  
0.0337576 0.90553 0.844818 0.121425  
0.0335866 0.9057 0.844987 0.121426  
0.0334164 0.90587 0.845156 0.121428  
0.0332471 0.906038 0.845324 0.121429  
0.0330786 0.906206 0.84549 0.121431  
0.0329111 0.906373 0.845656 0.121433  
0.0327443 0.906539 0.845822 0.121434  
0.0325785 0.906704 0.845986 0.121436  
0.0324134 0.906868 0.846149 0.121437  
0.0322493 0.907031 0.846312 0.121439  
0.0320859 0.907194 0.846474 0.12144  
0.0319234 0.907356 0.846635 0.121442  
0.0317618 0.907517 0.846795 0.121443  
0.0316009 0.907677 0.846954 0.121445  
0.0314409 0.907836 0.847113 0.121446  
0.0312817 0.907995 0.847271 0.121448  
0.0311233 0.908152 0.847428 0.121449  
0.0309657 0.908309 0.847584 0.12145  
0.0308089 0.908465 0.847739 0.121452  
0.0306529 0.90862 0.847894 0.121453  
0.0304978 0.908775 0.848048 0.121455  
0.0303434 0.908929 0.848201 0.121456  
0.0301898 0.909082 0.848353 0.121457  
0.0300369 0.909234 0.848505 0.121459  
0.0298849 0.909385 0.848655 0.12146  
0.0297336 0.909536 0.848805 0.121461  
0.0295832 0.909686 0.848954 0.121462  
0.0294334 0.909835 0.849103 0.121464  
0.0292845 0.909983 0.849251 0.121465  
0.0291363 0.910131 0.849398 0.121466  
0.0289888 0.910277 0.849544 0.121467  
0.0288422 0.910424 0.849689 0.121469  
0.0286962 0.910569 0.849834 0.12147  
0.028551 0.910713 0.849978 0.121471  
0.0284066 0.910857 0.850121 0.121472  
0.0282628 0.911 0.850264 0.121473  
0.0281199 0.911143 0.850406 0.121474  
0.0279776 0.911285 0.850547 0.121476  
0.0278361 0.911426 0.850687 0.121477  
0.0276953 0.911566 0.850827 0.121478  
0.0275552 0.911705 0.850966 0.121479  
0.0274158 0.911844 0.851104 0.12148  
0.0272771 0.911982 0.851242 0.121481  
0.0271392 0.91212 0.851379 0.121482  
0.0270019 0.912256 0.851515 0.121483  
0.0268654 0.912392 0.85165 0.121484  
0.0267295 0.912528 0.851785 0.121485  
0.0265943 0.912662 0.851919 0.121486  
0.0264598 0.912796 0.852053 0.121487  
0.026326 0.91293 0.852185 0.121488  
0.0261929 0.913062 0.852318 0.121489  
0.0260605 0.913194 0.852449 0.12149  
0.0259287 0.913326 0.85258 0.121491  
0.0257977 0.913456 0.85271 0.121492  
0.0256672 0.913586 0.852839 0.121493  
0.0255375 0.913715 0.852968 0.121494  
0.0254084 0.913844 0.853096 0.121495  
0.0252799 0.913972 0.853224 0.121496  
0.0251522 0.914099 0.853351 0.121497  
0.025025 0.914226 0.853477 0.121498  
0.0248985 0.914352 0.853602 0.121499  
0.0247727 0.914477 0.853727 0.1215  
0.0246475 0.914602 0.853852 0.121501  
0.0245229 0.914726 0.853975 0.121502  
0.024399 0.91485 0.854099 0.121503  
0.0242757 0.914973 0.854221 0.121503  
0.024153 0.915095 0.854343 0.121504  
0.024031 0.915217 0.854464 0.121505  
0.0239095 0.915338 0.854585 0.121506  
0.0237887 0.915458 0.854705 0.121507  
0.0236685 0.915578 0.854824 0.121508  
0.0235489 0.915697 0.854943 0.121508  
0.02343 0.915815 0.855061 0.121509  
0.0233116 0.915933 0.855178 0.12151  
0.0231938 0.916051 0.855295 0.121511  
0.0230766 0.916168 0.855412 0.121512  
0.0229601 0.916284 0.855528 0.121512  
0.0228441 0.916399 0.855643 0.121513  
0.0227287 0.916514 0.855757 0.121514  
0.0226139 0.916629 0.855872 0.121515  
0.0224997 0.916743 0.855985 0.121515  
0.022386 0.916856 0.856098 0.121516  
0.022273 0.916969 0.85621 0.121517  
0.0221605 0.917081 0.856322 0.121517  
0.0220486 0.917192 0.856433 0.121518  
0.0219372 0.917303 0.856544 0.121519  
0.0218264 0.917414 0.856654 0.12152  
0.0217162 0.917524 0.856764 0.12152  
0.0216065 0.917633 0.856872 0.121521  
0.0214974 0.917742 0.856981 0.121522  
0.0213889 0.91785 0.857089 0.121522  
0.0212809 0.917958 0.857196 0.121523  
0.0211735 0.918065 0.857303 0.121524  
0.0210665 0.918171 0.857409 0.121524  
0.0209602 0.918277 0.857515 0.121525  
0.0208544 0.918383 0.85762 0.121526  
0.0207491 0.918488 0.857725 0.121526  
0.0206443 0.918592 0.857829 0.121527  
0.0205401 0.918696 0.857932 0.121527  
0.0204364 0.9188 0.858036 0.121528  
0.0203333 0.918902 0.858138 0.121529  
0.0202306 0.919005 0.85824 0.121529  
0.0201285 0.919107 0.858342 0.12153  
0.0200269 0.919208 0.858443 0.12153  
0.0199259 0.919309 0.858543 0.121531  
0.0198253 0.919409 0.858643 0.121532  
0.0197252 0.919509 0.858743 0.121532  
0.0196257 0.919608 0.858842 0.121533  
0.0195266 0.919707 0.85894 0.121533  
0.0194281 0.919805 0.859038 0.121534  
0.0193301 0.919903 0.859136 0.121534  
0.0192325 0.92 0.859233 0.121535  
0.0191355 0.920097 0.859329 0.121535  
0.0190389 0.920193 0.859425 0.121536  
0.0189428 0.920289 0.859521 0.121536  
0.0188473 0.920384 0.859616 0.121537  
0.0187522 0.920479 0.85971 0.121538  
0.0186576 0.920573 0.859804 0.121538  
0.0185634 0.920667 0.859898 0.121539  
0.0184698 0.920761 0.859991 0.121539  
0.0183766 0.920854 0.860084 0.12154  
0.0182839 0.920946 0.860176 0.12154  
0.0181916 0.921038 0.860268 0.12154  
0.0180999 0.92113 0.860359 0.121541  
0.0180086 0.921221 0.86045 0.121541  
0.0179177 0.921311 0.86054 0.121542  
0.0178273 0.921401 0.86063 0.121542  
0.0177374 0.921491 0.86072 0.121543  
0.017648 0.92158 0.860809 0.121543  
0.0175589 0.921669 0.860897 0.121544  
0.0174704 0.921758 0.860985 0.121544  
0.0173823 0.921845 0.861073 0.121545  
0.0172946 0.921933 0.86116 0.121545  
0.0172074 0.92202 0.861247 0.121545  
0.0171206 0.922106 0.861333 0.121546  
0.0170343 0.922193 0.861419 0.121546  
0.0169484 0.922278 0.861505 0.121547  
0.0168629 0.922364 0.86159 0.121547  
0.0167779 0.922448 0.861675 0.121548  
0.0166933 0.922533 0.861759 0.121548  
0.0166091 0.922617 0.861843 0.121548  
0.0165253 0.9227 0.861926 0.121549  
0.016442 0.922783 0.862009 0.121549  
0.0163591 0.922866 0.862091 0.12155  
0.0162766 0.922948 0.862173 0.12155  
0.0161946 0.92303 0.862255 0.12155  
0.0161129 0.923112 0.862336 0.121551  
0.0160317 0.923193 0.862417 0.121551  
0.0159509 0.923273 0.862498 0.121551  
0.0158704 0.923354 0.862578 0.121552  
0.0157904 0.923433 0.862657 0.121552  
0.0157108 0.923513 0.862737 0.121553  
0.0156316 0.923592 0.862815 0.121553  
0.0155528 0.923671 0.862894 0.121553  
0.0154744 0.923749 0.862972 0.121554  
0.0153964 0.923827 0.86305 0.121554  
0.0153188 0.923904 0.863127 0.121554  
0.0152416 0.923981 0.863204 0.121555  
0.0151648 0.924058 0.86328 0.121555  
0.0150884 0.924134 0.863356 0.121555  
0.0150123 0.92421 0.863432 0.121556  
0.0149367 0.924285 0.863507 0.121556  
0.0148614 0.92436 0.863582 0.121556  
0.0147865 0.924435 0.863657 0.121557  
0.014712 0.92451 0.863731 0.121557  
0.0146378 0.924584 0.863805 0.121557  
0.014564 0.924657 0.863878 0.121558  
0.0144907 0.92473 0.863951 0.121558  
0.0144176 0.924803 0.864024 0.121558  
0.014345 0.924876 0.864097 0.121558  
0.0142727 0.924948 0.864169 0.121559  
0.0142008 0.92502 0.86424 0.121559  
0.0141292 0.925091 0.864311 0.121559  
0.014058 0.925162 0.864382 0.12156  
0.0139872 0.925233 0.864453 0.12156  
0.0139167 0.925303 0.864523 0.12156  
0.0138466 0.925373 0.864593 0.121561  
0.0137768 0.925443 0.864662 0.121561  
0.0137074 0.925512 0.864732 0.121561  
0.0136384 0.925581 0.8648 0.121561  
0.0135697 0.92565 0.864869 0.121562  
0.0135013 0.925718 0.864937 0.121562  
0.0134333 0.925786 0.865005 0.121562  
0.0133656 0.925853 0.865072 0.121562  
0.0132983 0.92592 0.865139 0.121563  
0.0132313 0.925987 0.865206 0.121563  
0.0131646 0.926054 0.865272 0.121563  
0.0130983 0.92612 0.865338 0.121563  
0.0130323 0.926186 0.865404 0.121564  
0.0129667 0.926251 0.865469 0.121564  
0.0129014 0.926317 0.865534 0.121564  
0.0128364 0.926381 0.865599 0.121564  
0.0127717 0.926446 0.865664 0.121565  
0.0127074 0.92651 0.865728 0.121565  
0.0126434 0.926574 0.865792 0.121565  
0.0125797 0.926638 0.865855 0.121565  
0.0125164 0.926701 0.865918 0.121566  
0.0124533 0.926764 0.865981 0.121566  
0.0123906 0.926826 0.866043 0.121566  
0.0123282 0.926889 0.866106 0.121566  
0.0122661 0.926951 0.866167 0.121566  
0.0122044 0.927012 0.866229 0.121567  
0.0121429 0.927074 0.86629 0.121567  
0.0120817 0.927135 0.866351 0.121567  
0.0120209 0.927195 0.866412 0.121567  
0.0119604 0.927256 0.866472 0.121568  
0.0119001 0.927316 0.866532 0.121568  
0.0118402 0.927376 0.866592 0.121568  
0.0117806 0.927435 0.866651 0.121568  
0.0117213 0.927495 0.86671 0.121568  
0.0116623 0.927553 0.866769 0.121569  
0.0116035 0.927612 0.866828 0.121569  
0.0115451 0.92767 0.866886 0.121569  
0.011487 0.927728 0.866944 0.121569  
0.0114291 0.927786 0.867002 0.121569  
0.0113716 0.927844 0.867059 0.121569  
0.0113143 0.927901 0.867116 0.12157  
0.0112574 0.927958 0.867173 0.12157  
0.0112007 0.928014 0.867229 0.12157  
0.0111443 0.928071 0.867285 0.12157  
0.0110882 0.928127 0.867341 0.12157  
0.0110324 0.928182 0.867397 0.121571  
0.0109769 0.928238 0.867452 0.121571  
0.0109216 0.928293 0.867507 0.121571  
0.0108666 0.928348 0.867562 0.121571  
0.0108119 0.928402 0.867617 0.121571  
0.0107575 0.928457 0.867671 0.121571  
0.0107033 0.928511 0.867725 0.121572  
0.0106495 0.928565 0.867779 0.121572  
0.0105958 0.928618 0.867832 0.121572  
0.0105425 0.928671 0.867885 0.121572  
0.0104894 0.928724 0.867938 0.121572  
0.0104366 0.928777 0.867991 0.121572  
0.0103841 0.92883 0.868043 0.121573  
0.0103318 0.928882 0.868095 0.121573  
0.0102798 0.928934 0.868147 0.121573  
0.0102281 0.928985 0.868199 0.121573  
0.0101766 0.929037 0.86825 0.121573  
0.0101254 0.929088 0.868301 0.121573  
0.0100744 0.929139 0.868352 0.121573  
0.0100237 0.929189 0.868403 0.121574  
0.00997329 0.92924 0.868453 0.121574  
0.0099231 0.92929 0.868503 0.121574  
0.00987316 0.92934 0.868553 0.121574  
0.00982347 0.929389 0.868602 0.121574  
0.00977404 0.929439 0.868652 0.121574  
0.00972485 0.929488 0.868701 0.121574  
0.00967591 0.929537 0.868749 0.121575  
0.00962722 0.929585 0.868798 0.121575  
0.00957877 0.929634 0.868846 0.121575  
0.00953057 0.929682 0.868894 0.121575  
0.00948261 0.92973 0.868942 0.121575  
0.0094349 0.929777 0.86899 0.121575  
0.00938742 0.929825 0.869037 0.121575  
0.00934018 0.929872 0.869084 0.121576  
0.00929319 0.929919 0.869131 0.121576  
0.00924642 0.929966 0.869178 0.121576  
0.0091999 0.930012 0.869224 0.121576  
0.00915361 0.930058 0.86927 0.121576  
0.00910755 0.930104 0.869316 0.121576  
0.00906173 0.93015 0.869362 0.121576  
0.00901613 0.930196 0.869407 0.121576  
0.00897077 0.930241 0.869453 0.121577  
0.00892564 0.930286 0.869498 0.121577  
0.00888073 0.930331 0.869543 0.121577  
0.00883605 0.930376 0.869587 0.121577  
0.00879159 0.93042 0.869631 0.121577  
0.00874736 0.930464 0.869676 0.121577  
0.00870336 0.930508 0.869719 0.121577  
0.00865957 0.930552 0.869763 0.121577  
0.00861601 0.930595 0.869807 0.121577  
0.00857266 0.930639 0.86985 0.121578  
0.00852953 0.930682 0.869893 0.121578  
0.00848663 0.930725 0.869936 0.121578  
0.00844393 0.930767 0.869978 0.121578  
0.00840146 0.93081 0.870021 0.121578  
0.00835919 0.930852 0.870063 0.121578  
0.00831714 0.930894 0.870105 0.121578  
0.0082753 0.930936 0.870146 0.121578  
0.00823368 0.930977 0.870188 0.121578  
0.00819226 0.931019 0.870229 0.121578  
0.00815105 0.93106 0.87027 0.121579  
0.00811005 0.931101 0.870311 0.121579  
0.00806926 0.931141 0.870352 0.121579  
0.00802867 0.931182 0.870392 0.121579  
0.00798829 0.931222 0.870433 0.121579  
0.00794811 0.931262 0.870473 0.121579  
0.00790813 0.931302 0.870513 0.121579  
0.00786835 0.931342 0.870552 0.121579  
0.00782878 0.931382 0.870592 0.121579  
0.0077894 0.931421 0.870631 0.121579  
0.00775022 0.93146 0.87067 0.121579  
0.00771124 0.931499 0.870709 0.12158  
0.00767246 0.931538 0.870748 0.12158  
0.00763387 0.931576 0.870786 0.12158  
0.00759548 0.931615 0.870825 0.12158  
0.00755728 0.931653 0.870863 0.12158  
0.00751927 0.931691 0.870901 0.12158  
0.00748146 0.931729 0.870938 0.12158  
0.00744383 0.931766 0.870976 0.12158  
0.00740639 0.931803 0.871013 0.12158  
0.00736915 0.931841 0.871051 0.12158  
0.00733209 0.931878 0.871088 0.12158  
0.00729522 0.931915 0.871124 0.12158  
0.00725853 0.931951 0.871161 0.121581  
0.00722203 0.931988 0.871197 0.121581  
0.00718571 0.932024 0.871234 0.121581  
0.00714957 0.93206 0.87127 0.121581  
0.00711362 0.932096 0.871306 0.121581  
0.00707785 0.932132 0.871341 0.121581  
0.00704226 0.932167 0.871377 0.121581  
0.00700685 0.932203 0.871412 0.121581  
0.00697161 0.932238 0.871447 0.121581  
0.00693656 0.932273 0.871482 0.121581  
0.00690168 0.932308 0.871517 0.121581  
0.00686697 0.932342 0.871552 0.121581  
0.00683245 0.932377 0.871586 0.121581  
0.00679809 0.932411 0.87162 0.121581  
0.00676391 0.932445 0.871655 0.121582  
0.0067299 0.932479 0.871688 0.121582  
0.00669606 0.932513 0.871722 0.121582  
0.00666239 0.932547 0.871756 0.121582  
0.0066289 0.93258 0.871789 0.121582  
0.00659557 0.932614 0.871823 0.121582  
0.0065624 0.932647 0.871856 0.121582  
0.00652941 0.93268 0.871889 0.121582  
0.00649658 0.932712 0.871921 0.121582  
0.00646392 0.932745 0.871954 0.121582  
0.00643142 0.932777 0.871986 0.121582  
0.00639909 0.93281 0.872019 0.121582  
0.00636691 0.932842 0.872051 0.121582  
0.0063349 0.932874 0.872083 0.121582  
0.00630306 0.932906 0.872115 0.121582  
0.00627137 0.932937 0.872146 0.121582  
0.00623984 0.932969 0.872178 0.121583  
0.00620847 0.933 0.872209 0.121583  
0.00617726 0.933031 0.87224 0.121583  
0.0061462 0.933062 0.872271 0.121583  
0.0061153 0.933093 0.872302 0.121583  
0.00608456 0.933124 0.872333 0.121583  
0.00605397 0.933155 0.872363 0.121583  
0.00602354 0.933185 0.872394 0.121583  
0.00599326 0.933215 0.872424 0.121583  
0.00596313 0.933245 0.872454 0.121583  
0.00593315 0.933275 0.872484 0.121583  
0.00590333 0.933305 0.872514 0.121583  
0.00587365 0.933335 0.872543 0.121583  
0.00584413 0.933364 0.872573 0.121583  
0.00581475 0.933394 0.872602 0.121583  
0.00578552 0.933423 0.872631 0.121583  
0.00575644 0.933452 0.87266 0.121583  
0.0057275 0.933481 0.872689 0.121583  
0.00569871 0.93351 0.872718 0.121583  
0.00567007 0.933538 0.872746 0.121583  
0.00564157 0.933567 0.872775 0.121584  
0.00561321 0.933595 0.872803 0.121584  
0.005585 0.933623 0.872831 0.121584  
0.00555693 0.933651 0.872859 0.121584  
0.00552899 0.933679 0.872887 0.121584  
0.0055012 0.933707 0.872915 0.121584  
0.00547355 0.933735 0.872943 0.121584  
0.00544604 0.933762 0.87297 0.121584  
0.00541867 0.933789 0.872997 0.121584  
0.00539143 0.933817 0.873025 0.121584  
0.00536434 0.933844 0.873052 0.121584  
0.00533737 0.933871 0.873079 0.121584  
0.00531055 0.933897 0.873105 0.121584  
0.00528386 0.933924 0.873132 0.121584  
0.0052573 0.933951 0.873159 0.121584  
0.00523088 0.933977 0.873185 0.121584  
0.00520459 0.934003 0.873211 0.121584  
0.00517843 0.934029 0.873237 0.121584  
0.00515241 0.934055 0.873263 0.121584  
0.00512651 0.934081 0.873289 0.121584  
0.00510075 0.934107 0.873315 0.121584  
