0.777024 0.162217 0.101457 0.12152  
0.386105 0.553135 0.492375 0.12152  
0.191857 0.747383 0.686623 0.12152  
0.0953343 0.843906 0.783146 0.12152  
0.0473719 0.891868 0.831108 0.12152  
0.0235392 0.915701 0.854941 0.12152  
0.0116967 0.927543 0.866783 0.12152  
0.00581213 0.933428 0.872668 0.12152  
0.00288807 0.936352 0.875592 0.12152  
0.00143509 0.937805 0.877045 0.12152  
0.0007131 0.938527 0.877767 0.12152  
0.000354342 0.938886 0.878126 0.12152  
0.000176073 0.939064 0.878304 0.12152  
8.74914e-005 0.939153 0.878393 0.12152  
4.34747e-005 0.939197 0.878437 0.12152  
2.16027e-005 0.939218 0.878459 0.12152  
1.07345e-005 0.939229 0.878469 0.12152  
5.33399e-006 0.939235 0.878475 0.12152  
2.65047e-006 0.939237 0.878478 0.12152  
1.31703e-006 0.939239 0.878479 0.12152  
6.54435e-007 0.939239 0.87848 0.12152  
3.25191e-007 0.93924 0.87848 0.12152  
1.61588e-007 0.93924 0.87848 0.12152  
8.02937e-008 0.93924 0.87848 0.12152  
3.98982e-008 0.93924 0.87848 0.12152  
1.98255e-008 0.93924 0.87848 0.12152  
9.85137e-009 0.93924 0.87848 0.12152  
4.89517e-009 0.93924 0.87848 0.12152  
2.43243e-009 0.93924 0.87848 0.12152  
1.20868e-009 0.93924 0.87848 0.12152  
6.00597e-010 0.93924 0.87848 0.12152  
2.98438e-010 0.93924 0.87848 0.12152  
1.48295e-010 0.93924 0.87848 0.12152  
7.36882e-011 0.93924 0.87848 0.12152  
3.66159e-011 0.93924 0.87848 0.12152  
1.81945e-011 0.93924 0.87848 0.12152  
9.04092e-012 0.93924 0.87848 0.12152  
4.49246e-012 0.93924 0.87848 0.12152  
2.23232e-012 0.93924 0.87848 0.12152  
1.10925e-012 0.93924 0.87848 0.12152  
5.51187e-013 0.93924 0.87848 0.12152  
2.73887e-013 0.93924 0.87848 0.12152  
1.36095e-013 0.93924 0.87848 0.12152  
6.7626e-014 0.93924 0.87848 0.12152  
3.36036e-014 0.93924 0.87848 0.12152  
1.66977e-014 0.93924 0.87848 0.12152  
8.29715e-015 0.93924 0.87848 0.12152  
4.12288e-015 0.93924 0.87848 0.12152  
2.04867e-015 0.93924 0.87848 0.12152  
1.01799e-015 0.93924 0.87848 0.12152  
5.05843e-016 0.93924 0.87848 0.12152  
2.51355e-016 0.93924 0.87848 0.12152  
1.24899e-016 0.93924 0.87848 0.12152  
6.20626e-017 0.93924 0.87848 0.12152  
3.08391e-017 0.93924 0.87848 0.12152  
1.5324e-017 0.93924 0.87848 0.12152  
7.61457e-018 0.93924 0.87848 0.12152  
3.7837e-018 0.93924 0.87848 0.12152  
1.88013e-018 0.93924 0.87848 0.12152  
9.34243e-019 0.93924 0.87848 0.12152  
4.64228e-019 0.93924 0.87848 0.12152  
2.30676e-019 0.93924 0.87848 0.12152  
1.14624e-019 0.93924 0.87848 0.12152  
5.69569e-020 0.93924 0.87848 0.12152  
2.83021e-020 0.93924 0.87848 0.12152  
1.40634e-020 0.93924 0.87848 0.12152  
6.98814e-021 0.93924 0.87848 0.12152  
3.47243e-021 0.93924 0.87848 0.12152  
1.72546e-021 0.93924 0.87848 0.12152  
8.57386e-022 0.93924 0.87848 0.12152  
4.26038e-022 0.93924 0.87848 0.12152  
2.11699e-022 0.93924 0.87848 0.12152  
1.05194e-022 0.93924 0.87848 0.12152  
5.22712e-023 0.93924 0.87848 0.12152  
2.59737e-023 0.93924 0.87848 0.12152  
1.29064e-023 0.93924 0.87848 0.12152  
6.41324e-024 0.93924 0.87848 0.12152  
3.18676e-024 0.93924 0.87848 0.12152  
1.58351e-024 0.93924 0.87848 0.12152  
7.86851e-025 0.93924 0.87848 0.12152  
3.90989e-025 0.93924 0.87848 0.12152  
1.94283e-025 0.93924 0.87848 0.12152  
9.654e-026 0.93924 0.87848 0.12152  
4.7971e-026 0.93924 0.87848 0.12152  
2.38369e-026 0.93924 0.87848 0.12152  
1.18446e-026 0.93924 0.87848 0.12152  
5.88564e-027 0.93924 0.87848 0.12152  
2.92459e-027 0.93924 0.87848 0.12152  
1.45324e-027 0.93924 0.87848 0.12152  
7.22119e-028 0.93924 0.87848 0.12152  
3.58823e-028 0.93924 0.87848 0.12152  
1.783e-028 0.93924 0.87848 0.12152  
8.85979e-029 0.93924 0.87848 0.12152  
4.40246e-029 0.93924 0.87848 0.12152  
2.18759e-029 0.93924 0.87848 0.12152  
1.08702e-029 0.93924 0.87848 0.12152  
5.40145e-030 0.93924 0.87848 0.12152  
2.684e-030 0.93924 0.87848 0.12152  
1.33369e-030 0.93924 0.87848 0.12152  
6.62712e-031 0.93924 0.87848 0.12152  
3.29304e-031 0.93924 0.87848 0.12152  
1.63632e-031 0.93924 0.87848 0.12152  
8.13092e-032 0.93924 0.87848 0.12152  
4.04028e-032 0.93924 0.87848 0.12152  
2.00763e-032 0.93924 0.87848 0.12152  
9.97596e-033 0.93924 0.87848 0.12152  
4.95708e-033 0.93924 0.87848 0.12152  
2.46319e-033 0.93924 0.87848 0.12152  
1.22397e-033 0.93924 0.87848 0.12152  
6.08193e-034 0.93924 0.87848 0.12152  
3.02213e-034 0.93924 0.87848 0.12152  
1.5017e-034 0.93924 0.87848 0.12152  
7.46201e-035 0.93924 0.87848 0.12152  
3.7079e-035 0.93924 0.87848 0.12152  
1.84247e-035 0.93924 0.87848 0.12152  
9.15527e-036 0.93924 0.87848 0.12152  
4.54928e-036 0.93924 0.87848 0.12152  
2.26055e-036 0.93924 0.87848 0.12152  
1.12327e-036 0.93924 0.87848 0.12152  
5.58158e-037 0.93924 0.87848 0.12152  
2.77351e-037 0.93924 0.87848 0.12152  
1.37816e-037 0.93924 0.87848 0.12152  
6.84814e-038 0.93924 0.87848 0.12152  
3.40286e-038 0.93924 0.87848 0.12152  
1.69089e-038 0.93924 0.87848 0.12152  
8.40209e-039 0.93924 0.87848 0.12152  
4.17502e-039 0.93924 0.87848 0.12152  
2.07458e-039 0.93924 0.87848 0.12152  
1.03087e-039 0.93924 0.87848 0.12152  
5.1224e-040 0.93924 0.87848 0.12152  
2.54534e-040 0.93924 0.87848 0.12152  
1.26479e-040 0.93924 0.87848 0.12152  
6.28476e-041 0.93924 0.87848 0.12152  
3.12292e-041 0.93924 0.87848 0.12152  
1.55179e-041 0.93924 0.87848 0.12152  
7.71087e-042 0.93924 0.87848 0.12152  
3.83155e-042 0.93924 0.87848 0.12152  
1.90391e-042 0.93924 0.87848 0.12152  
9.46059e-043 0.93924 0.87848 0.12152  
4.701e-043 0.93924 0.87848 0.12152  
2.33594e-043 0.93924 0.87848 0.12152  
1.16074e-043 0.93924 0.87848 0.12152  
5.76773e-044 0.93924 0.87848 0.12152  
2.866e-044 0.93924 0.87848 0.12152  
1.42412e-044 0.93924 0.87848 0.12152  
7.07652e-045 0.93924 0.87848 0.12152  
3.51634e-045 0.93924 0.87848 0.12152  
1.74728e-045 0.93924 0.87848 0.12152  
8.6823e-046 0.93924 0.87848 0.12152  
4.31426e-046 0.93924 0.87848 0.12152  
2.14377e-046 0.93924 0.87848 0.12152  
1.06524e-046 0.93924 0.87848 0.12152  
5.29323e-047 0.93924 0.87848 0.12152  
2.63022e-047 0.93924 0.87848 0.12152  
1.30697e-047 0.93924 0.87848 0.12152  
6.49435e-048 0.93924 0.87848 0.12152  
3.22706e-048 0.93924 0.87848 0.12152  
1.60354e-048 0.93924 0.87848 0.12152  
7.96803e-049 0.93924 0.87848 0.12152  
3.95934e-049 0.93924 0.87848 0.12152  
1.96741e-049 0.93924 0.87848 0.12152  
9.7761e-050 0.93924 0.87848 0.12152  
4.85777e-050 0.93924 0.87848 0.12152  
2.41384e-050 0.93924 0.87848 0.12152  
1.19945e-050 0.93924 0.87848 0.12152  
5.96008e-051 0.93924 0.87848 0.12152  
2.96158e-051 0.93924 0.87848 0.12152  
1.47162e-051 0.93924 0.87848 0.12152  
7.31252e-052 0.93924 0.87848 0.12152  
3.63361e-052 0.93924 0.87848 0.12152  
1.80555e-052 0.93924 0.87848 0.12152  
8.97185e-053 0.93924 0.87848 0.12152  
4.45814e-053 0.93924 0.87848 0.12152  
2.21526e-053 0.93924 0.87848 0.12152  
1.10077e-053 0.93924 0.87848 0.12152  
5.46976e-054 0.93924 0.87848 0.12152  
2.71794e-054 0.93924 0.87848 0.12152  
1.35055e-054 0.93924 0.87848 0.12152  
6.71094e-055 0.93924 0.87848 0.12152  
3.33469e-055 0.93924 0.87848 0.12152  
1.65702e-055 0.93924 0.87848 0.12152  
8.23376e-056 0.93924 0.87848 0.12152  
4.09138e-056 0.93924 0.87848 0.12152  
2.03302e-056 0.93924 0.87848 0.12152  
1.01021e-056 0.93924 0.87848 0.12152  
5.01978e-057 0.93924 0.87848 0.12152  
2.49434e-057 0.93924 0.87848 0.12152  
1.23945e-057 0.93924 0.87848 0.12152  
6.15885e-058 0.93924 0.87848 0.12152  
3.06035e-058 0.93924 0.87848 0.12152  
1.5207e-058 0.93924 0.87848 0.12152  
7.55639e-059 0.93924 0.87848 0.12152  
3.75479e-059 0.93924 0.87848 0.12152  
1.86577e-059 0.93924 0.87848 0.12152  
9.27106e-060 0.93924 0.87848 0.12152  
4.60682e-060 0.93924 0.87848 0.12152  
2.28914e-060 0.93924 0.87848 0.12152  
1.13748e-060 0.93924 0.87848 0.12152  
5.65218e-061 0.93924 0.87848 0.12152  
2.80858e-061 0.93924 0.87848 0.12152  
1.39559e-061 0.93924 0.87848 0.12152  
6.93475e-062 0.93924 0.87848 0.12152  
3.4459e-062 0.93924 0.87848 0.12152  
1.71228e-062 0.93924 0.87848 0.12152  
8.50835e-063 0.93924 0.87848 0.12152  
4.22783e-063 0.93924 0.87848 0.12152  
2.10082e-063 0.93924 0.87848 0.12152  
1.0439e-063 0.93924 0.87848 0.12152  
5.18719e-064 0.93924 0.87848 0.12152  
2.57753e-064 0.93924 0.87848 0.12152  
1.28078e-064 0.93924 0.87848 0.12152  
6.36424e-065 0.93924 0.87848 0.12152  
3.16241e-065 0.93924 0.87848 0.12152  
1.57141e-065 0.93924 0.87848 0.12152  
7.80839e-066 0.93924 0.87848 0.12152  
3.88001e-066 0.93924 0.87848 0.12152  
1.92799e-066 0.93924 0.87848 0.12152  
9.58024e-067 0.93924 0.87848 0.12152  
4.76045e-067 0.93924 0.87848 0.12152  
2.36548e-067 0.93924 0.87848 0.12152  
1.17542e-067 0.93924 0.87848 0.12152  
5.84068e-068 0.93924 0.87848 0.12152  
2.90225e-068 0.93924 0.87848 0.12152  
1.44214e-068 0.93924 0.87848 0.12152  
7.16602e-069 0.93924 0.87848 0.12152  
3.56082e-069 0.93924 0.87848 0.12152  
1.76938e-069 0.93924 0.87848 0.12152  
8.7921e-070 0.93924 0.87848 0.12152  
4.36882e-070 0.93924 0.87848 0.12152  
2.17088e-070 0.93924 0.87848 0.12152  
1.07872e-070 0.93924 0.87848 0.12152  
5.36018e-071 0.93924 0.87848 0.12152  
2.66349e-071 0.93924 0.87848 0.12152  
1.3235e-071 0.93924 0.87848 0.12152  
6.57649e-072 0.93924 0.87848 0.12152  
3.26788e-072 0.93924 0.87848 0.12152  
1.62382e-072 0.93924 0.87848 0.12152  
8.0688e-073 0.93924 0.87848 0.12152  
4.00941e-073 0.93924 0.87848 0.12152  
1.99229e-073 0.93924 0.87848 0.12152  
9.89974e-074 0.93924 0.87848 0.12152  
4.91921e-074 0.93924 0.87848 0.12152  
2.44437e-074 0.93924 0.87848 0.12152  
1.21462e-074 0.93924 0.87848 0.12152  
6.03546e-075 0.93924 0.87848 0.12152  
2.99904e-075 0.93924 0.87848 0.12152  
1.49023e-075 0.93924 0.87848 0.12152  
7.405e-076 0.93924 0.87848 0.12152  
3.67957e-076 0.93924 0.87848 0.12152  
1.82839e-076 0.93924 0.87848 0.12152  
9.08532e-077 0.93924 0.87848 0.12152  
4.51452e-077 0.93924 0.87848 0.12152  
2.24328e-077 0.93924 0.87848 0.12152  
1.11469e-077 0.93924 0.87848 0.12152  
5.53894e-078 0.93924 0.87848 0.12152  
2.75232e-078 0.93924 0.87848 0.12152  
1.36763e-078 0.93924 0.87848 0.12152  
6.79582e-079 0.93924 0.87848 0.12152  
3.37686e-079 0.93924 0.87848 0.12152  
1.67797e-079 0.93924 0.87848 0.12152  
8.3379e-080 0.93924 0.87848 0.12152  
4.14313e-080 0.93924 0.87848 0.12152  
2.05873e-080 0.93924 0.87848 0.12152  
1.02299e-080 0.93924 0.87848 0.12152  
5.08327e-081 0.93924 0.87848 0.12152  
2.52589e-081 0.93924 0.87848 0.12152  
1.25512e-081 0.93924 0.87848 0.12152  
6.23674e-082 0.93924 0.87848 0.12152  
3.09906e-082 0.93924 0.87848 0.12152  
1.53993e-082 0.93924 0.87848 0.12152  
7.65196e-083 0.93924 0.87848 0.12152  
3.80228e-083 0.93924 0.87848 0.12152  
1.88937e-083 0.93924 0.87848 0.12152  
9.38831e-084 0.93924 0.87848 0.12152  
4.66508e-084 0.93924 0.87848 0.12152  
2.31809e-084 0.93924 0.87848 0.12152  
1.15187e-084 0.93924 0.87848 0.12152  
5.72366e-085 0.93924 0.87848 0.12152  
2.84411e-085 0.93924 0.87848 0.12152  
1.41324e-085 0.93924 0.87848 0.12152  
7.02245e-086 0.93924 0.87848 0.12152  
3.48948e-086 0.93924 0.87848 0.12152  
1.73393e-086 0.93924 0.87848 0.12152  
8.61596e-087 0.93924 0.87848 0.12152  
4.2813e-087 0.93924 0.87848 0.12152  
2.12739e-087 0.93924 0.87848 0.12152  
1.05711e-087 0.93924 0.87848 0.12152  
5.25279e-088 0.93924 0.87848 0.12152  
2.61013e-088 0.93924 0.87848 0.12152  
1.29698e-088 0.93924 0.87848 0.12152  
6.44474e-089 0.93924 0.87848 0.12152  
3.20241e-089 0.93924 0.87848 0.12152  
1.59129e-089 0.93924 0.87848 0.12152  
7.90715e-090 0.93924 0.87848 0.12152  
3.92909e-090 0.93924 0.87848 0.12152  
1.95238e-090 0.93924 0.87848 0.12152  
9.70141e-091 0.93924 0.87848 0.12152  
4.82066e-091 0.93924 0.87848 0.12152  
2.3954e-091 0.93924 0.87848 0.12152  
1.19028e-091 0.93924 0.87848 0.12152  
5.91455e-092 0.93924 0.87848 0.12152  
2.93896e-092 0.93924 0.87848 0.12152  
1.46038e-092 0.93924 0.87848 0.12152  
7.25665e-093 0.93924 0.87848 0.12152  
3.60585e-093 0.93924 0.87848 0.12152  
1.79176e-093 0.93924 0.87848 0.12152  
8.9033e-094 0.93924 0.87848 0.12152  
4.42408e-094 0.93924 0.87848 0.12152  
2.19834e-094 0.93924 0.87848 0.12152  
1.09236e-094 0.93924 0.87848 0.12152  
5.42797e-095 0.93924 0.87848 0.12152  
2.69718e-095 0.93924 0.87848 0.12152  
1.34023e-095 0.93924 0.87848 0.12152  
6.65967e-096 0.93924 0.87848 0.12152  
3.30921e-096 0.93924 0.87848 0.12152  
1.64436e-096 0.93924 0.87848 0.12152  
8.17085e-097 0.93924 0.87848 0.12152  
4.06012e-097 0.93924 0.87848 0.12152  
2.01749e-097 0.93924 0.87848 0.12152  
1.0025e-097 0.93924 0.87848 0.12152  
4.98143e-098 0.93924 0.87848 0.12152  
2.47529e-098 0.93924 0.87848 0.12152  
1.22998e-098 0.93924 0.87848 0.12152  
6.11179e-099 0.93924 0.87848 0.12152  
3.03697e-099 0.93924 0.87848 0.12152  
1.50908e-099 0.93924 0.87848 0.12152  
7.49866e-100 0.93924 0.87848 0.12152  
3.72611e-100 0.93924 0.87848 0.12152  
1.85151e-100 0.93924 0.87848 0.12152  
9.20023e-101 0.93924 0.87848 0.12152  
4.57162e-101 0.93924 0.87848 0.12152  
2.27165e-101 0.93924 0.87848 0.12152  
1.12879e-101 0.93924 0.87848 0.12152  
5.60899e-102 0.93924 0.87848 0.12152  
2.78713e-102 0.93924 0.87848 0.12152  
1.38493e-102 0.93924 0.87848 0.12152  
6.88177e-103 0.93924 0.87848 0.12152  
3.41957e-103 0.93924 0.87848 0.12152  
1.69919e-103 0.93924 0.87848 0.12152  
8.44335e-104 0.93924 0.87848 0.12152  
4.19553e-104 0.93924 0.87848 0.12152  
2.08477e-104 0.93924 0.87848 0.12152  
1.03593e-104 0.93924 0.87848 0.12152  
5.14756e-105 0.93924 0.87848 0.12152  
2.55784e-105 0.93924 0.87848 0.12152  
1.271e-105 0.93924 0.87848 0.12152  
6.31562e-106 0.93924 0.87848 0.12152  
3.13825e-106 0.93924 0.87848 0.12152  
1.55941e-106 0.93924 0.87848 0.12152  
7.74874e-107 0.93924 0.87848 0.12152  
3.85037e-107 0.93924 0.87848 0.12152  
1.91326e-107 0.93924 0.87848 0.12152  
9.50705e-108 0.93924 0.87848 0.12152  
4.72408e-108 0.93924 0.87848 0.12152  
2.34741e-108 0.93924 0.87848 0.12152  
1.16644e-108 0.93924 0.87848 0.12152  
5.79605e-109 0.93924 0.87848 0.12152  
2.88008e-109 0.93924 0.87848 0.12152  
1.43112e-109 0.93924 0.87848 0.12152  
7.11127e-110 0.93924 0.87848 0.12152  
3.53361e-110 0.93924 0.87848 0.12152  
1.75586e-110 0.93924 0.87848 0.12152  
8.72493e-111 0.93924 0.87848 0.12152  
4.33545e-111 0.93924 0.87848 0.12152  
2.1543e-111 0.93924 0.87848 0.12152  
1.07048e-111 0.93924 0.87848 0.12152  
5.31923e-112 0.93924 0.87848 0.12152  
2.64314e-112 0.93924 0.87848 0.12152  
1.31338e-112 0.93924 0.87848 0.12152  
6.52625e-113 0.93924 0.87848 0.12152  
3.24291e-113 0.93924 0.87848 0.12152  
1.61141e-113 0.93924 0.87848 0.12152  
8.00716e-114 0.93924 0.87848 0.12152  
3.97878e-114 0.93924 0.87848 0.12152  
1.97707e-114 0.93924 0.87848 0.12152  
9.82411e-115 0.93924 0.87848 0.12152  
4.88163e-115 0.93924 0.87848 0.12152  
2.4257e-115 0.93924 0.87848 0.12152  
1.20534e-115 0.93924 0.87848 0.12152  
5.98935e-116 0.93924 0.87848 0.12152  
2.97613e-116 0.93924 0.87848 0.12152  
1.47885e-116 0.93924 0.87848 0.12152  
7.34843e-117 0.93924 0.87848 0.12152  
3.65146e-117 0.93924 0.87848 0.12152  
1.81442e-117 0.93924 0.87848 0.12152  
9.01591e-118 0.93924 0.87848 0.12152  
4.48003e-118 0.93924 0.87848 0.12152  
2.22614e-118 0.93924 0.87848 0.12152  
1.10618e-118 0.93924 0.87848 0.12152  
5.49662e-119 0.93924 0.87848 0.12152  
2.73129e-119 0.93924 0.87848 0.12152  
1.35719e-119 0.93924 0.87848 0.12152  
6.74389e-120 0.93924 0.87848 0.12152  
3.35106e-120 0.93924 0.87848 0.12152  
1.66515e-120 0.93924 0.87848 0.12152  
8.27419e-121 0.93924 0.87848 0.12152  
4.11147e-121 0.93924 0.87848 0.12152  
2.043e-121 0.93924 0.87848 0.12152  
1.01517e-121 0.93924 0.87848 0.12152  
5.04443e-122 0.93924 0.87848 0.12152  
2.50659e-122 0.93924 0.87848 0.12152  
1.24553e-122 0.93924 0.87848 0.12152  
6.18909e-123 0.93924 0.87848 0.12152  
3.07538e-123 0.93924 0.87848 0.12152  
1.52817e-123 0.93924 0.87848 0.12152  
7.5935e-124 0.93924 0.87848 0.12152  
3.77323e-124 0.93924 0.87848 0.12152  
1.87493e-124 0.93924 0.87848 0.12152  
9.31659e-125 0.93924 0.87848 0.12152  
4.62944e-125 0.93924 0.87848 0.12152  
2.30038e-125 0.93924 0.87848 0.12152  
1.14307e-125 0.93924 0.87848 0.12152  
5.67993e-126 0.93924 0.87848 0.12152  
2.82238e-126 0.93924 0.87848 0.12152  
1.40245e-126 0.93924 0.87848 0.12152  
6.9688e-127 0.93924 0.87848 0.12152  
3.46282e-127 0.93924 0.87848 0.12152  
1.72069e-127 0.93924 0.87848 0.12152  
8.55014e-128 0.93924 0.87848 0.12152  
4.24859e-128 0.93924 0.87848 0.12152  
2.11114e-128 0.93924 0.87848 0.12152  
1.04903e-128 0.93924 0.87848 0.12152  
5.21266e-129 0.93924 0.87848 0.12152  
2.59019e-129 0.93924 0.87848 0.12152  
1.28707e-129 0.93924 0.87848 0.12152  
6.3955e-130 0.93924 0.87848 0.12152  
3.17794e-130 0.93924 0.87848 0.12152  
1.57913e-130 0.93924 0.87848 0.12152  
7.84674e-131 0.93924 0.87848 0.12152  
3.89907e-131 0.93924 0.87848 0.12152  
1.93746e-131 0.93924 0.87848 0.12152  
9.62729e-132 0.93924 0.87848 0.12152  
4.78383e-132 0.93924 0.87848 0.12152  
2.3771e-132 0.93924 0.87848 0.12152  
1.18119e-132 0.93924 0.87848 0.12152  
5.86936e-133 0.93924 0.87848 0.12152  
2.9165e-133 0.93924 0.87848 0.12152  
1.44922e-133 0.93924 0.87848 0.12152  
7.20121e-134 0.93924 0.87848 0.12152  
3.5783e-134 0.93924 0.87848 0.12152  
1.77807e-134 0.93924 0.87848 0.12152  
8.83528e-135 0.93924 0.87848 0.12152  
4.39028e-135 0.93924 0.87848 0.12152  
2.18154e-135 0.93924 0.87848 0.12152  
1.08401e-135 0.93924 0.87848 0.12152  
5.3865e-136 0.93924 0.87848 0.12152  
2.67657e-136 0.93924 0.87848 0.12152  
1.33e-136 0.93924 0.87848 0.12152  
6.60879e-137 0.93924 0.87848 0.12152  
3.28393e-137 0.93924 0.87848 0.12152  
1.63179e-137 0.93924 0.87848 0.12152  
8.10843e-138 0.93924 0.87848 0.12152  
4.0291e-138 0.93924 0.87848 0.12152  
2.00207e-138 0.93924 0.87848 0.12152  
9.94836e-139 0.93924 0.87848 0.12152  
4.94337e-139 0.93924 0.87848 0.12152  
2.45638e-139 0.93924 0.87848 0.12152  
1.22058e-139 0.93924 0.87848 0.12152  
6.0651e-140 0.93924 0.87848 0.12152  
3.01377e-140 0.93924 0.87848 0.12152  
1.49755e-140 0.93924 0.87848 0.12152  
7.44137e-141 0.93924 0.87848 0.12152  
3.69764e-141 0.93924 0.87848 0.12152  
1.83737e-141 0.93924 0.87848 0.12152  
9.12994e-142 0.93924 0.87848 0.12152  
4.53669e-142 0.93924 0.87848 0.12152  
2.2543e-142 0.93924 0.87848 0.12152  
1.12017e-142 0.93924 0.87848 0.12152  
5.56614e-143 0.93924 0.87848 0.12152  
2.76583e-143 0.93924 0.87848 0.12152  
1.37435e-143 0.93924 0.87848 0.12152  
6.82919e-144 0.93924 0.87848 0.12152  
3.39344e-144 0.93924 0.87848 0.12152  
1.68621e-144 0.93924 0.87848 0.12152  
8.37884e-145 0.93924 0.87848 0.12152  
4.16347e-145 0.93924 0.87848 0.12152  
2.06884e-145 0.93924 0.87848 0.12152  
1.02801e-145 0.93924 0.87848 0.12152  
5.10823e-146 0.93924 0.87848 0.12152  
2.53829e-146 0.93924 0.87848 0.12152  
1.26129e-146 0.93924 0.87848 0.12152  
6.26737e-147 0.93924 0.87848 0.12152  
3.11428e-147 0.93924 0.87848 0.12152  
1.54749e-147 0.93924 0.87848 0.12152  
7.68954e-148 0.93924 0.87848 0.12152  
3.82095e-148 0.93924 0.87848 0.12152  
1.89864e-148 0.93924 0.87848 0.12152  
9.43442e-149 0.93924 0.87848 0.12152  
4.68799e-149 0.93924 0.87848 0.12152  
2.32948e-149 0.93924 0.87848 0.12152  
1.15752e-149 0.93924 0.87848 0.12152  
5.75177e-150 0.93924 0.87848 0.12152  
2.85807e-150 0.93924 0.87848 0.12152  
1.42018e-150 0.93924 0.87848 0.12152  
7.05694e-151 0.93924 0.87848 0.12152  
3.50661e-151 0.93924 0.87848 0.12152  
1.74245e-151 0.93924 0.87848 0.12152  
8.65827e-152 0.93924 0.87848 0.12152  
4.30232e-152 0.93924 0.87848 0.12152  
2.13784e-152 0.93924 0.87848 0.12152  
1.0623e-152 0.93924 0.87848 0.12152  
5.27859e-153 0.93924 0.87848 0.12152  
2.62295e-153 0.93924 0.87848 0.12152  
1.30335e-153 0.93924 0.87848 0.12152  
6.47639e-154 0.93924 0.87848 0.12152  
3.21814e-154 0.93924 0.87848 0.12152  
1.5991e-154 0.93924 0.87848 0.12152  
7.94598e-155 0.93924 0.87848 0.12152  
3.94838e-155 0.93924 0.87848 0.12152  
1.96196e-155 0.93924 0.87848 0.12152  
9.74905e-156 0.93924 0.87848 0.12152  
4.84433e-156 0.93924 0.87848 0.12152  
2.40716e-156 0.93924 0.87848 0.12152  
1.19613e-156 0.93924 0.87848 0.12152  
5.94359e-157 0.93924 0.87848 0.12152  
2.95339e-157 0.93924 0.87848 0.12152  
1.46755e-157 0.93924 0.87848 0.12152  
7.29229e-158 0.93924 0.87848 0.12152  
3.62356e-158 0.93924 0.87848 0.12152  
1.80056e-158 0.93924 0.87848 0.12152  
8.94703e-159 0.93924 0.87848 0.12152  
4.4458e-159 0.93924 0.87848 0.12152  
2.20913e-159 0.93924 0.87848 0.12152  
1.09772e-159 0.93924 0.87848 0.12152  
5.45463e-160 0.93924 0.87848 0.12152  
2.71042e-160 0.93924 0.87848 0.12152  
1.34682e-160 0.93924 0.87848 0.12152  
6.69237e-161 0.93924 0.87848 0.12152  
3.32546e-161 0.93924 0.87848 0.12152  
1.65243e-161 0.93924 0.87848 0.12152  
8.21098e-162 0.93924 0.87848 0.12152  
4.08006e-162 0.93924 0.87848 0.12152  
2.02739e-162 0.93924 0.87848 0.12152  
1.00742e-162 0.93924 0.87848 0.12152  
5.00589e-163 0.93924 0.87848 0.12152  
2.48744e-163 0.93924 0.87848 0.12152  
1.23602e-163 0.93924 0.87848 0.12152  
6.14181e-164 0.93924 0.87848 0.12152  
3.05188e-164 0.93924 0.87848 0.12152  
1.51649e-164 0.93924 0.87848 0.12152  
7.53548e-165 0.93924 0.87848 0.12152  
3.7444e-165 0.93924 0.87848 0.12152  
1.86061e-165 0.93924 0.87848 0.12152  
9.24541e-166 0.93924 0.87848 0.12152  
4.59407e-166 0.93924 0.87848 0.12152  
2.28281e-166 0.93924 0.87848 0.12152  
1.13433e-166 0.93924 0.87848 0.12152  
5.63654e-167 0.93924 0.87848 0.12152  
2.80081e-167 0.93924 0.87848 0.12152  
1.39173e-167 0.93924 0.87848 0.12152  
6.91556e-168 0.93924 0.87848 0.12152  
3.43636e-168 0.93924 0.87848 0.12152  
1.70754e-168 0.93924 0.87848 0.12152  
8.48481e-169 0.93924 0.87848 0.12152  
4.21613e-169 0.93924 0.87848 0.12152  
2.09501e-169 0.93924 0.87848 0.12152  
1.04102e-169 0.93924 0.87848 0.12152  
5.17284e-170 0.93924 0.87848 0.12152  
2.5704e-170 0.93924 0.87848 0.12152  
1.27724e-170 0.93924 0.87848 0.12152  
6.34664e-171 0.93924 0.87848 0.12152  
3.15366e-171 0.93924 0.87848 0.12152  
1.56706e-171 0.93924 0.87848 0.12152  
7.78679e-172 0.93924 0.87848 0.12152  
3.86928e-172 0.93924 0.87848 0.12152  
1.92266e-172 0.93924 0.87848 0.12152  
9.55374e-173 0.93924 0.87848 0.12152  
4.74728e-173 0.93924 0.87848 0.12152  
2.35894e-173 0.93924 0.87848 0.12152  
1.17216e-173 0.93924 0.87848 0.12152  
5.82452e-174 0.93924 0.87848 0.12152  
2.89422e-174 0.93924 0.87848 0.12152  
1.43815e-174 0.93924 0.87848 0.12152  
7.14619e-175 0.93924 0.87848 0.12152  
3.55096e-175 0.93924 0.87848 0.12152  
1.76449e-175 0.93924 0.87848 0.12152  
8.76778e-176 0.93924 0.87848 0.12152  
4.35674e-176 0.93924 0.87848 0.12152  
2.16488e-176 0.93924 0.87848 0.12152  
1.07573e-176 0.93924 0.87848 0.12152  
5.34535e-177 0.93924 0.87848 0.12152  
2.65612e-177 0.93924 0.87848 0.12152  
1.31983e-177 0.93924 0.87848 0.12152  
6.5583e-178 0.93924 0.87848 0.12152  
3.25884e-178 0.93924 0.87848 0.12152  
1.61933e-178 0.93924 0.87848 0.12152  
8.04648e-179 0.93924 0.87848 0.12152  
3.99832e-179 0.93924 0.87848 0.12152  
1.98678e-179 0.93924 0.87848 0.12152  
9.87235e-180 0.93924 0.87848 0.12152  
4.9056e-180 0.93924 0.87848 0.12152  
2.43761e-180 0.93924 0.87848 0.12152  
1.21126e-180 0.93924 0.87848 0.12152  
6.01876e-181 0.93924 0.87848 0.12152  
2.99074e-181 0.93924 0.87848 0.12152  
1.48611e-181 0.93924 0.87848 0.12152  
7.38452e-182 0.93924 0.87848 0.12152  
3.66939e-182 0.93924 0.87848 0.12152  
1.82333e-182 0.93924 0.87848 0.12152  
9.06018e-183 0.93924 0.87848 0.12152  
4.50203e-183 0.93924 0.87848 0.12152  
2.23707e-183 0.93924 0.87848 0.12152  
1.11161e-183 0.93924 0.87848 0.12152  
5.52362e-184 0.93924 0.87848 0.12152  
2.7447e-184 0.93924 0.87848 0.12152  
1.36385e-184 0.93924 0.87848 0.12152  
6.77701e-185 0.93924 0.87848 0.12152  
3.36752e-185 0.93924 0.87848 0.12152  
1.67333e-185 0.93924 0.87848 0.12152  
8.31483e-186 0.93924 0.87848 0.12152  
4.13166e-186 0.93924 0.87848 0.12152  
2.05304e-186 0.93924 0.87848 0.12152  
1.02016e-186 0.93924 0.87848 0.12152  
5.0692e-187 0.93924 0.87848 0.12152  
2.5189e-187 0.93924 0.87848 0.12152  
1.25165e-187 0.93924 0.87848 0.12152  
6.21949e-188 0.93924 0.87848 0.12152  
3.09048e-188 0.93924 0.87848 0.12152  
1.53567e-188 0.93924 0.87848 0.12152  
7.63079e-189 0.93924 0.87848 0.12152  
3.79176e-189 0.93924 0.87848 0.12152  
1.88414e-189 0.93924 0.87848 0.12152  
9.36234e-190 0.93924 0.87848 0.12152  
4.65217e-190 0.93924 0.87848 0.12152  
2.31168e-190 0.93924 0.87848 0.12152  
1.14868e-190 0.93924 0.87848 0.12152  
5.70783e-191 0.93924 0.87848 0.12152  
2.83624e-191 0.93924 0.87848 0.12152  
1.40933e-191 0.93924 0.87848 0.12152  
7.00303e-192 0.93924 0.87848 0.12152  
3.47982e-192 0.93924 0.87848 0.12152  
1.72914e-192 0.93924 0.87848 0.12152  
8.59212e-193 0.93924 0.87848 0.12152  
4.26945e-193 0.93924 0.87848 0.12152  
2.1215e-193 0.93924 0.87848 0.12152  
1.05418e-193 0.93924 0.87848 0.12152  
5.23826e-194 0.93924 0.87848 0.12152  
2.60291e-194 0.93924 0.87848 0.12152  
1.29339e-194 0.93924 0.87848 0.12152  
6.42691e-195 0.93924 0.87848 0.12152  
3.19355e-195 0.93924 0.87848 0.12152  
1.58688e-195 0.93924 0.87848 0.12152  
7.88527e-196 0.93924 0.87848 0.12152  
3.91822e-196 0.93924 0.87848 0.12152  
1.94697e-196 0.93924 0.87848 0.12152  
9.67457e-197 0.93924 0.87848 0.12152  
4.80732e-197 0.93924 0.87848 0.12152  
2.38877e-197 0.93924 0.87848 0.12152  
1.18699e-197 0.93924 0.87848 0.12152  
5.89818e-198 0.93924 0.87848 0.12152  
2.93082e-198 0.93924 0.87848 0.12152  
1.45634e-198 0.93924 0.87848 0.12152  
7.23657e-199 0.93924 0.87848 0.12152  
3.59588e-199 0.93924 0.87848 0.12152  
1.7868e-199 0.93924 0.87848 0.12152  
8.87867e-200 0.93924 0.87848 0.12152  
4.41184e-200 0.93924 0.87848 0.12152  
2.19226e-200 0.93924 0.87848 0.12152  
1.08934e-200 0.93924 0.87848 0.12152  
5.41295e-201 0.93924 0.87848 0.12152  
2.68971e-201 0.93924 0.87848 0.12152  
1.33653e-201 0.93924 0.87848 0.12152  
6.64124e-202 0.93924 0.87848 0.12152  
3.30005e-202 0.93924 0.87848 0.12152  
1.63981e-202 0.93924 0.87848 0.12152  
8.14825e-203 0.93924 0.87848 0.12152  
4.04889e-203 0.93924 0.87848 0.12152  
2.0119e-203 0.93924 0.87848 0.12152  
9.99721e-204 0.93924 0.87848 0.12152  
4.96765e-204 0.93924 0.87848 0.12152  
2.46844e-204 0.93924 0.87848 0.12152  
1.22657e-204 0.93924 0.87848 0.12152  
6.09489e-205 0.93924 0.87848 0.12152  
3.02857e-205 0.93924 0.87848 0.12152  
1.5049e-205 0.93924 0.87848 0.12152  
7.47791e-206 0.93924 0.87848 0.12152  
3.7158e-206 0.93924 0.87848 0.12152  
1.84639e-206 0.93924 0.87848 0.12152  
9.17477e-207 0.93924 0.87848 0.12152  
4.55897e-207 0.93924 0.87848 0.12152  
2.26537e-207 0.93924 0.87848 0.12152  
1.12567e-207 0.93924 0.87848 0.12152  
5.59348e-208 0.93924 0.87848 0.12152  
2.77941e-208 0.93924 0.87848 0.12152  
1.3811e-208 0.93924 0.87848 0.12152  
6.86273e-209 0.93924 0.87848 0.12152  
3.41011e-209 0.93924 0.87848 0.12152  
1.69449e-209 0.93924 0.87848 0.12152  
8.41999e-210 0.93924 0.87848 0.12152  
4.18392e-210 0.93924 0.87848 0.12152  
2.079e-210 0.93924 0.87848 0.12152  
1.03306e-210 0.93924 0.87848 0.12152  
5.13332e-211 0.93924 0.87848 0.12152  
2.55076e-211 0.93924 0.87848 0.12152  
1.26748e-211 0.93924 0.87848 0.12152  
6.29815e-212 0.93924 0.87848 0.12152  
3.12957e-212 0.93924 0.87848 0.12152  
1.55509e-212 0.93924 0.87848 0.12152  
7.7273e-213 0.93924 0.87848 0.12152  
3.83972e-213 0.93924 0.87848 0.12152  
1.90797e-213 0.93924 0.87848 0.12152  
9.48075e-214 0.93924 0.87848 0.12152  
4.71101e-214 0.93924 0.87848 0.12152  
2.34092e-214 0.93924 0.87848 0.12152  
1.16321e-214 0.93924 0.87848 0.12152  
5.78002e-215 0.93924 0.87848 0.12152  
2.87211e-215 0.93924 0.87848 0.12152  
1.42716e-215 0.93924 0.87848 0.12152  
7.0916e-216 0.93924 0.87848 0.12152  
3.52384e-216 0.93924 0.87848 0.12152  
1.751e-216 0.93924 0.87848 0.12152  
8.70079e-217 0.93924 0.87848 0.12152  
4.32345e-217 0.93924 0.87848 0.12152  
2.14834e-217 0.93924 0.87848 0.12152  
1.06751e-217 0.93924 0.87848 0.12152  
5.30451e-218 0.93924 0.87848 0.12152  
2.63583e-218 0.93924 0.87848 0.12152  
1.30975e-218 0.93924 0.87848 0.12152  
6.50819e-219 0.93924 0.87848 0.12152  
3.23394e-219 0.93924 0.87848 0.12152  
1.60695e-219 0.93924 0.87848 0.12152  
7.985e-220 0.93924 0.87848 0.12152  
3.96777e-220 0.93924 0.87848 0.12152  
1.9716e-220 0.93924 0.87848 0.12152  
9.79693e-221 0.93924 0.87848 0.12152  
4.86812e-221 0.93924 0.87848 0.12152  
2.41899e-221 0.93924 0.87848 0.12152  
1.202e-221 0.93924 0.87848 0.12152  
5.97278e-222 0.93924 0.87848 0.12152  
2.96789e-222 0.93924 0.87848 0.12152  
1.47475e-222 0.93924 0.87848 0.12152  
7.3281e-223 0.93924 0.87848 0.12152  
3.64135e-223 0.93924 0.87848 0.12152  
1.8094e-223 0.93924 0.87848 0.12152  
8.99096e-224 0.93924 0.87848 0.12152  
4.46764e-224 0.93924 0.87848 0.12152  
2.21998e-224 0.93924 0.87848 0.12152  
1.10312e-224 0.93924 0.87848 0.12152  
5.48142e-225 0.93924 0.87848 0.12152  
2.72373e-225 0.93924 0.87848 0.12152  
1.35343e-225 0.93924 0.87848 0.12152  
6.72524e-226 0.93924 0.87848 0.12152  
3.34179e-226 0.93924 0.87848 0.12152  
1.66055e-226 0.93924 0.87848 0.12152  
8.2513e-227 0.93924 0.87848 0.12152  
4.1001e-227 0.93924 0.87848 0.12152  
2.03735e-227 0.93924 0.87848 0.12152  
1.01237e-227 0.93924 0.87848 0.12152  
5.03047e-228 0.93924 0.87848 0.12152  
2.49966e-228 0.93924 0.87848 0.12152  
1.24209e-228 0.93924 0.87848 0.12152  
6.17197e-229 0.93924 0.87848 0.12152  
3.06687e-229 0.93924 0.87848 0.12152  
1.52394e-229 0.93924 0.87848 0.12152  
7.57249e-230 0.93924 0.87848 0.12152  
3.76279e-230 0.93924 0.87848 0.12152  
1.86974e-230 0.93924 0.87848 0.12152  
9.29081e-231 0.93924 0.87848 0.12152  
4.61663e-231 0.93924 0.87848 0.12152  
2.29402e-231 0.93924 0.87848 0.12152  
1.1399e-231 0.93924 0.87848 0.12152  
5.66422e-232 0.93924 0.87848 0.12152  
2.81457e-232 0.93924 0.87848 0.12152  
1.39857e-232 0.93924 0.87848 0.12152  
6.94952e-233 0.93924 0.87848 0.12152  
3.45324e-233 0.93924 0.87848 0.12152  
1.71592e-233 0.93924 0.87848 0.12152  
8.52648e-234 0.93924 0.87848 0.12152  
4.23683e-234 0.93924 0.87848 0.12152  
2.1053e-234 0.93924 0.87848 0.12152  
1.04613e-234 0.93924 0.87848 0.12152  
5.19824e-235 0.93924 0.87848 0.12152  
2.58302e-235 0.93924 0.87848 0.12152  
1.28351e-235 0.93924 0.87848 0.12152  
6.3778e-236 0.93924 0.87848 0.12152  
3.16915e-236 0.93924 0.87848 0.12152  
1.57476e-236 0.93924 0.87848 0.12152  
7.82503e-237 0.93924 0.87848 0.12152  
3.88828e-237 0.93924 0.87848 0.12152  
1.9321e-237 0.93924 0.87848 0.12152  
9.60066e-238 0.93924 0.87848 0.12152  
4.77059e-238 0.93924 0.87848 0.12152  
2.37052e-238 0.93924 0.87848 0.12152  
1.17792e-238 0.93924 0.87848 0.12152  
5.85312e-239 0.93924 0.87848 0.12152  
2.90843e-239 0.93924 0.87848 0.12152  
1.44521e-239 0.93924 0.87848 0.12152  
7.18129e-240 0.93924 0.87848 0.12152  
3.5684e-240 0.93924 0.87848 0.12152  
1.77315e-240 0.93924 0.87848 0.12152  
8.81084e-241 0.93924 0.87848 0.12152  
4.37813e-241 0.93924 0.87848 0.12152  
2.17551e-241 0.93924 0.87848 0.12152  
1.08102e-241 0.93924 0.87848 0.12152  
5.3716e-242 0.93924 0.87848 0.12152  
2.66916e-242 0.93924 0.87848 0.12152  
1.32632e-242 0.93924 0.87848 0.12152  
6.5905e-243 0.93924 0.87848 0.12152  
3.27484e-243 0.93924 0.87848 0.12152  
1.62728e-243 0.93924 0.87848 0.12152  
8.08599e-244 0.93924 0.87848 0.12152  
4.01795e-244 0.93924 0.87848 0.12152  
1.99653e-244 0.93924 0.87848 0.12152  
9.92084e-245 0.93924 0.87848 0.12152  
4.92969e-245 0.93924 0.87848 0.12152  
2.44958e-245 0.93924 0.87848 0.12152  
1.2172e-245 0.93924 0.87848 0.12152  
6.04832e-246 0.93924 0.87848 0.12152  
3.00543e-246 0.93924 0.87848 0.12152  
1.49341e-246 0.93924 0.87848 0.12152  
7.42078e-247 0.93924 0.87848 0.12152  
3.68741e-247 0.93924 0.87848 0.12152  
1.83228e-247 0.93924 0.87848 0.12152  
9.10468e-248 0.93924 0.87848 0.12152  
4.52414e-248 0.93924 0.87848 0.12152  
2.24806e-248 0.93924 0.87848 0.12152  
1.11707e-248 0.93924 0.87848 0.12152  
5.55074e-249 0.93924 0.87848 0.12152  
2.75818e-249 0.93924 0.87848 0.12152  
1.37055e-249 0.93924 0.87848 0.12152  
6.81029e-250 0.93924 0.87848 0.12152  
3.38406e-250 0.93924 0.87848 0.12152  
1.68155e-250 0.93924 0.87848 0.12152  
8.35566e-251 0.93924 0.87848 0.12152  
4.15195e-251 0.93924 0.87848 0.12152  
2.06312e-251 0.93924 0.87848 0.12152  
1.02517e-251 0.93924 0.87848 0.12152  
5.0941e-252 0.93924 0.87848 0.12152  
2.53127e-252 0.93924 0.87848 0.12152  
1.2578e-252 0.93924 0.87848 0.12152  
6.25003e-253 0.93924 0.87848 0.12152  
3.10566e-253 0.93924 0.87848 0.12152  
1.54321e-253 0.93924 0.87848 0.12152  
7.66826e-254 0.93924 0.87848 0.12152  
3.81038e-254 0.93924 0.87848 0.12152  
1.89339e-254 0.93924 0.87848 0.12152  
9.40832e-255 0.93924 0.87848 0.12152  
4.67502e-255 0.93924 0.87848 0.12152  
2.32303e-255 0.93924 0.87848 0.12152  
1.15432e-255 0.93924 0.87848 0.12152  
5.73586e-256 0.93924 0.87848 0.12152  
2.85016e-256 0.93924 0.87848 0.12152  
1.41626e-256 0.93924 0.87848 0.12152  
7.03742e-257 0.93924 0.87848 0.12152  
3.49691e-257 0.93924 0.87848 0.12152  
1.73763e-257 0.93924 0.87848 0.12152  
8.63432e-258 0.93924 0.87848 0.12152  
4.29042e-258 0.93924 0.87848 0.12152  
2.13192e-258 0.93924 0.87848 0.12152  
1.05936e-258 0.93924 0.87848 0.12152  
5.26398e-259 0.93924 0.87848 0.12152  
2.61569e-259 0.93924 0.87848 0.12152  
1.29974e-259 0.93924 0.87848 0.12152  
6.45847e-260 0.93924 0.87848 0.12152  
3.20923e-260 0.93924 0.87848 0.12152  
1.59468e-260 0.93924 0.87848 0.12152  
7.924e-261 0.93924 0.87848 0.12152  
3.93746e-261 0.93924 0.87848 0.12152  
1.95653e-261 0.93924 0.87848 0.12152  
9.72208e-262 0.93924 0.87848 0.12152  
4.83093e-262 0.93924 0.87848 0.12152  
2.4005e-262 0.93924 0.87848 0.12152  
1.19282e-262 0.93924 0.87848 0.12152  
5.92715e-263 0.93924 0.87848 0.12152  
2.94522e-263 0.93924 0.87848 0.12152  
1.46349e-263 0.93924 0.87848 0.12152  
7.27211e-264 0.93924 0.87848 0.12152  
3.61353e-264 0.93924 0.87848 0.12152  
1.79558e-264 0.93924 0.87848 0.12152  
8.92227e-265 0.93924 0.87848 0.12152  
4.4335e-265 0.93924 0.87848 0.12152  
2.20302e-265 0.93924 0.87848 0.12152  
1.09469e-265 0.93924 0.87848 0.12152  
5.43954e-266 0.93924 0.87848 0.12152  
2.70292e-266 0.93924 0.87848 0.12152  
1.34309e-266 0.93924 0.87848 0.12152  
6.67386e-267 0.93924 0.87848 0.12152  
3.31626e-267 0.93924 0.87848 0.12152  
1.64786e-267 0.93924 0.87848 0.12152  
8.18826e-268 0.93924 0.87848 0.12152  
4.06877e-268 0.93924 0.87848 0.12152  
2.02178e-268 0.93924 0.87848 0.12152  
1.00463e-268 0.93924 0.87848 0.12152  
4.99204e-269 0.93924 0.87848 0.12152  
2.48056e-269 0.93924 0.87848 0.12152  
1.2326e-269 0.93924 0.87848 0.12152  
6.12482e-270 0.93924 0.87848 0.12152  
3.04344e-270 0.93924 0.87848 0.12152  
1.51229e-270 0.93924 0.87848 0.12152  
7.51464e-271 0.93924 0.87848 0.12152  
3.73405e-271 0.93924 0.87848 0.12152  
1.85546e-271 0.93924 0.87848 0.12152  
9.21983e-272 0.93924 0.87848 0.12152  
4.58136e-272 0.93924 0.87848 0.12152  
2.27649e-272 0.93924 0.87848 0.12152  
1.1312e-272 0.93924 0.87848 0.12152  
5.62094e-273 0.93924 0.87848 0.12152  
2.79306e-273 0.93924 0.87848 0.12152  
1.38788e-273 0.93924 0.87848 0.12152  
6.89643e-274 0.93924 0.87848 0.12152  
3.42686e-274 0.93924 0.87848 0.12152  
1.70281e-274 0.93924 0.87848 0.12152  
8.46134e-275 0.93924 0.87848 0.12152  
4.20446e-275 0.93924 0.87848 0.12152  
2.08921e-275 0.93924 0.87848 0.12152  
1.03814e-275 0.93924 0.87848 0.12152  
5.15853e-276 0.93924 0.87848 0.12152  
2.56329e-276 0.93924 0.87848 0.12152  
1.2737e-276 0.93924 0.87848 0.12152  
6.32908e-277 0.93924 0.87848 0.12152  
3.14494e-277 0.93924 0.87848 0.12152  
1.56273e-277 0.93924 0.87848 0.12152  
7.76525e-278 0.93924 0.87848 0.12152  
3.85857e-278 0.93924 0.87848 0.12152  
1.91734e-278 0.93924 0.87848 0.12152  
9.52731e-279 0.93924 0.87848 0.12152  
4.73415e-279 0.93924 0.87848 0.12152  
2.35241e-279 0.93924 0.87848 0.12152  
1.16892e-279 0.93924 0.87848 0.12152  
5.8084e-280 0.93924 0.87848 0.12152  
2.88621e-280 0.93924 0.87848 0.12152  
1.43417e-280 0.93924 0.87848 0.12152  
7.12642e-281 0.93924 0.87848 0.12152  
3.54114e-281 0.93924 0.87848 0.12152  
1.7596e-281 0.93924 0.87848 0.12152  
8.74352e-282 0.93924 0.87848 0.12152  
4.34468e-282 0.93924 0.87848 0.12152  
2.15889e-282 0.93924 0.87848 0.12152  
1.07276e-282 0.93924 0.87848 0.12152  
5.33056e-283 0.93924 0.87848 0.12152  
2.64877e-283 0.93924 0.87848 0.12152  
1.31618e-283 0.93924 0.87848 0.12152  
6.54015e-284 0.93924 0.87848 0.12152  
3.24982e-284 0.93924 0.87848 0.12152  
1.61485e-284 0.93924 0.87848 0.12152  
8.02422e-285 0.93924 0.87848 0.12152  
3.98726e-285 0.93924 0.87848 0.12152  
1.98128e-285 0.93924 0.87848 0.12152  
9.84504e-286 0.93924 0.87848 0.12152  
4.89203e-286 0.93924 0.87848 0.12152  
2.43086e-286 0.93924 0.87848 0.12152  
1.2079e-286 0.93924 0.87848 0.12152  
6.00211e-287 0.93924 0.87848 0.12152  
2.98247e-287 0.93924 0.87848 0.12152  
1.482e-287 0.93924 0.87848 0.12152  
7.36409e-288 0.93924 0.87848 0.12152  
3.65924e-288 0.93924 0.87848 0.12152  
1.81829e-288 0.93924 0.87848 0.12152  
9.03512e-289 0.93924 0.87848 0.12152  
4.48958e-289 0.93924 0.87848 0.12152  
2.23088e-289 0.93924 0.87848 0.12152  
1.10853e-289 0.93924 0.87848 0.12152  
5.50833e-290 0.93924 0.87848 0.12152  
2.73711e-290 0.93924 0.87848 0.12152  
1.36008e-290 0.93924 0.87848 0.12152  
6.75826e-291 0.93924 0.87848 0.12152  
3.3582e-291 0.93924 0.87848 0.12152  
1.6687e-291 0.93924 0.87848 0.12152  
8.29182e-292 0.93924 0.87848 0.12152  
4.12023e-292 0.93924 0.87848 0.12152  
2.04736e-292 0.93924 0.87848 0.12152  
1.01734e-292 0.93924 0.87848 0.12152  
5.05518e-293 0.93924 0.87848 0.12152  
2.51193e-293 0.93924 0.87848 0.12152  
1.24819e-293 0.93924 0.87848 0.12152  
6.20228e-294 0.93924 0.87848 0.12152  
3.08193e-294 0.93924 0.87848 0.12152  
1.53142e-294 0.93924 0.87848 0.12152  
7.60968e-295 0.93924 0.87848 0.12152  
3.78127e-295 0.93924 0.87848 0.12152  
1.87893e-295 0.93924 0.87848 0.12152  
9.33644e-296 0.93924 0.87848 0.12152  
4.6393e-296 0.93924 0.87848 0.12152  
2.30528e-296 0.93924 0.87848 0.12152  
1.1455e-296 0.93924 0.87848 0.12152  
5.69204e-297 0.93924 0.87848 0.12152  
2.82839e-297 0.93924 0.87848 0.12152  
1.40544e-297 0.93924 0.87848 0.12152  
6.98365e-298 0.93924 0.87848 0.12152  
3.4702e-298 0.93924 0.87848 0.12152  
1.72435e-298 0.93924 0.87848 0.12152  
8.56835e-299 0.93924 0.87848 0.12152  
4.25764e-299 0.93924 0.87848 0.12152  
2.11563e-299 0.93924 0.87848 0.12152  
1.05127e-299 0.93924 0.87848 0.12152  
5.22377e-300 0.93924 0.87848 0.12152  
2.59571e-300 0.93924 0.87848 0.12152  
1.28981e-300 0.93924 0.87848 0.12152  
6.40912e-301 0.93924 0.87848 0.12152  
3.18471e-301 0.93924 0.87848 0.12152  
1.58249e-301 0.93924 0.87848 0.12152  
7.86346e-302 0.93924 0.87848 0.12152  
3.90738e-302 0.93924 0.87848 0.12152  
1.94159e-302 0.93924 0.87848 0.12152  
9.6478e-303 0.93924 0.87848 0.12152  
4.79402e-303 0.93924 0.87848 0.12152  
2.38216e-303 0.93924 0.87848 0.12152  
1.1837e-303 0.93924 0.87848 0.12152  
5.88186e-304 0.93924 0.87848 0.12152  
2.92272e-304 0.93924 0.87848 0.12152  
