-9.52245e+146 9.52245e+146 9.52245e+146 3.79843e+006  
3.03116e+148 -3.03116e+148 -3.03116e+148 3.79843e+006  
-9.64868e+149 9.64868e+149 9.64868e+149 3.79843e+006  
3.07134e+151 -3.07134e+151 -3.07134e+151 3.79843e+006  
-9.77658e+152 9.77658e+152 9.77658e+152 3.79843e+006  
3.11205e+154 -3.11205e+154 -3.11205e+154 3.79843e+006  
-9.90617e+155 9.90617e+155 9.90617e+155 3.79843e+006  
3.1533e+157 -3.1533e+157 -3.1533e+157 3.79843e+006  
-1.00375e+159 1.00375e+159 1.00375e+159 3.79843e+006  
3.1951e+160 -3.1951e+160 -3.1951e+160 3.79843e+006  
-1.01705e+162 1.01705e+162 1.01705e+162 3.79843e+006  
3.23745e+163 -3.23745e+163 -3.23745e+163 3.79843e+006  
-1.03054e+165 1.03054e+165 1.03054e+165 3.79843e+006  
3.28037e+166 -3.28037e+166 -3.28037e+166 3.79843e+006  
-1.0442e+168 1.0442e+168 1.0442e+168 3.79843e+006  
3.32385e+169 -3.32385e+169 -3.32385e+169 3.79843e+006  
-1.05804e+171 1.05804e+171 1.05804e+171 3.79843e+006  
3.36791e+172 -3.36791e+172 -3.36791e+172 3.79843e+006  
-1.07206e+174 1.07206e+174 1.07206e+174 3.79843e+006  
3.41255e+175 -3.41255e+175 -3.41255e+175 3.79843e+006  
-1.08627e+177 1.08627e+177 1.08627e+177 3.79843e+006  
3.45779e+178 -3.45779e+178 -3.45779e+178 3.79843e+006  
-1.10067e+180 1.10067e+180 1.10067e+180 3.79843e+006  
3.50362e+181 -3.50362e+181 -3.50362e+181 3.79843e+006  
-1.11526e+183 1.11526e+183 1.11526e+183 3.79843e+006  
3.55007e+184 -3.55007e+184 -3.55007e+184 3.79843e+006  
-1.13005e+186 1.13005e+186 1.13005e+186 3.79843e+006  
3.59713e+187 -3.59713e+187 -3.59713e+187 3.79843e+006  
-1.14503e+189 1.14503e+189 1.14503e+189 3.79843e+006  
3.64481e+190 -3.64481e+190 -3.64481e+190 3.79843e+006  
-1.1602e+192 1.1602e+192 1.1602e+192 3.79843e+006  
3.69312e+193 -3.69312e+193 -3.69312e+193 3.79843e+006  
-1.17558e+195 1.17558e+195 1.17558e+195 3.79843e+006  
3.74208e+196 -3.74208e+196 -3.74208e+196 3.79843e+006  
-1.19117e+198 1.19117e+198 1.19117e+198 3.79843e+006  
3.79168e+199 -3.79168e+199 -3.79168e+199 3.79843e+006  
-1.20696e+201 1.20696e+201 1.20696e+201 3.79843e+006  
3.84194e+202 -3.84194e+202 -3.84194e+202 3.79843e+006  
-1.22295e+204 1.22295e+204 1.22295e+204 3.79843e+006  
3.89287e+205 -3.89287e+205 -3.89287e+205 3.79843e+006  
-1.23917e+207 1.23917e+207 1.23917e+207 3.79843e+006  
3.94447e+208 -3.94447e+208 -3.94447e+208 3.79843e+006  
-1.25559e+210 1.25559e+210 1.25559e+210 3.79843e+006  
3.99676e+211 -3.99676e+211 -3.99676e+211 3.79843e+006  
-1.27223e+213 1.27223e+213 1.27223e+213 3.79843e+006  
4.04974e+214 -4.04974e+214 -4.04974e+214 3.79843e+006  
-1.2891e+216 1.2891e+216 1.2891e+216 3.79843e+006  
4.10342e+217 -4.10342e+217 -4.10342e+217 3.79843e+006  
-1.30619e+219 1.30619e+219 1.30619e+219 3.79843e+006  
4.15781e+220 -4.15781e+220 -4.15781e+220 3.79843e+006  
-1.3235e+222 1.3235e+222 1.3235e+222 3.79843e+006  
4.21293e+223 -4.21293e+223 -4.21293e+223 3.79843e+006  
-1.34105e+225 1.34105e+225 1.34105e+225 3.79843e+006  
4.26877e+226 -4.26877e+226 -4.26877e+226 3.79843e+006  
-1.35882e+228 1.35882e+228 1.35882e+228 3.79843e+006  
4.32536e+229 -4.32536e+229 -4.32536e+229 3.79843e+006  
-1.37683e+231 1.37683e+231 1.37683e+231 3.79843e+006  
4.38269e+232 -4.38269e+232 -4.38269e+232 3.79843e+006  
-1.39508e+234 1.39508e+234 1.39508e+234 3.79843e+006  
4.44079e+235 -4.44079e+235 -4.44079e+235 3.79843e+006  
-1.41358e+237 1.41358e+237 1.41358e+237 3.79843e+006  
4.49965e+238 -4.49965e+238 -4.49965e+238 3.79843e+006  
-1.43231e+240 1.43231e+240 1.43231e+240 3.79843e+006  
4.5593e+241 -4.5593e+241 -4.5593e+241 3.79843e+006  
-1.4513e+243 1.4513e+243 1.4513e+243 3.79843e+006  
4.61973e+244 -4.61973e+244 -4.61973e+244 3.79843e+006  
-1.47054e+246 1.47054e+246 1.47054e+246 3.79843e+006  
4.68097e+247 -4.68097e+247 -4.68097e+247 3.79843e+006  
-1.49003e+249 1.49003e+249 1.49003e+249 3.79843e+006  
4.74302e+250 -4.74302e+250 -4.74302e+250 3.79843e+006  
-1.50978e+252 1.50978e+252 1.50978e+252 3.79843e+006  
4.80589e+253 -4.80589e+253 -4.80589e+253 3.79843e+006  
-1.5298e+255 1.5298e+255 1.5298e+255 3.79843e+006  
4.8696e+256 -4.8696e+256 -4.8696e+256 3.79843e+006  
-1.55007e+258 1.55007e+258 1.55007e+258 3.79843e+006  
4.93415e+259 -4.93415e+259 -4.93415e+259 3.79843e+006  
-1.57062e+261 1.57062e+261 1.57062e+261 3.79843e+006  
4.99955e+262 -4.99955e+262 -4.99955e+262 3.79843e+006  
-1.59144e+264 1.59144e+264 1.59144e+264 3.79843e+006  
5.06583e+265 -5.06583e+265 -5.06583e+265 3.79843e+006  
-1.61254e+267 1.61254e+267 1.61254e+267 3.79843e+006  
5.13298e+268 -5.13298e+268 -5.13298e+268 3.79843e+006  
-1.63391e+270 1.63391e+270 1.63391e+270 3.79843e+006  
5.20102e+271 -5.20102e+271 -5.20102e+271 3.79843e+006  
-1.65557e+273 1.65557e+273 1.65557e+273 3.79843e+006  
5.26996e+274 -5.26996e+274 -5.26996e+274 3.79843e+006  
-1.67752e+276 1.67752e+276 1.67752e+276 3.79843e+006  
5.33982e+277 -5.33982e+277 -5.33982e+277 3.79843e+006  
-1.69975e+279 1.69975e+279 1.69975e+279 3.79843e+006  
5.4106e+280 -5.4106e+280 -5.4106e+280 3.79843e+006  
-1.72228e+282 1.72228e+282 1.72228e+282 3.79843e+006  
5.48232e+283 -5.48232e+283 -5.48232e+283 3.79843e+006  
-1.74511e+285 1.74511e+285 1.74511e+285 3.79843e+006  
5.55499e+286 -5.55499e+286 -5.55499e+286 3.79843e+006  
-1.76825e+288 1.76825e+288 1.76825e+288 3.79843e+006  
5.62863e+289 -5.62863e+289 -5.62863e+289 3.79843e+006  
-1.79169e+291 1.79169e+291 1.79169e+291 3.79843e+006  
5.70324e+292 -5.70324e+292 -5.70324e+292 3.79843e+006  
-1.81544e+294 1.81544e+294 1.81544e+294 3.79843e+006  
5.77884e+295 -5.77884e+295 -5.77884e+295 3.79843e+006  
-1.8395e+297 1.8395e+297 1.8395e+297 3.79843e+006  
5.85544e+298 -5.85544e+298 -5.85544e+298 3.79843e+006  
-1.86388e+300 1.86388e+300 1.86388e+300 3.79843e+006  
5.93306e+301 -5.93306e+301 -5.93306e+301 3.79843e+006  
-1.88859e+303 1.88859e+303 1.88859e+303 3.79843e+006  
6.0117e+304 -6.0117e+304 -6.0117e+304 3.79843e+006  
-1.91363e+306 1.91363e+306 1.91363e+306 3.79843e+006  
6.09139e+307 -6.09139e+307 -6.09139e+307 3.79843e+006  
-1.93899e+309 1.93899e+309 1.93899e+309 3.79843e+006  
6.17214e+310 -6.17214e+310 -6.17214e+310 3.79843e+006  
-1.96469e+312 1.96469e+312 1.96469e+312 3.79843e+006  
6.25395e+313 -6.25395e+313 -6.25395e+313 3.79843e+006  
-1.99074e+315 1.99074e+315 1.99074e+315 3.79843e+006  
6.33685e+316 -6.33685e+316 -6.33685e+316 3.79843e+006  
-2.01713e+318 2.01713e+318 2.01713e+318 3.79843e+006  
6.42085e+319 -6.42085e+319 -6.42085e+319 3.79843e+006  
-2.04386e+321 2.04386e+321 2.04386e+321 3.79843e+006  
6.50596e+322 -6.50596e+322 -6.50596e+322 3.79843e+006  
-2.07096e+324 2.07096e+324 2.07096e+324 3.79843e+006  
6.5922e+325 -6.5922e+325 -6.5922e+325 3.79843e+006  
-2.09841e+327 2.09841e+327 2.09841e+327 3.79843e+006  
6.67959e+328 -6.67959e+328 -6.67959e+328 3.79843e+006  
-2.12623e+330 2.12623e+330 2.12623e+330 3.79843e+006  
6.76813e+331 -6.76813e+331 -6.76813e+331 3.79843e+006  
-2.15441e+333 2.15441e+333 2.15441e+333 3.79843e+006  
6.85785e+334 -6.85785e+334 -6.85785e+334 3.79843e+006  
-2.18297e+336 2.18297e+336 2.18297e+336 3.79843e+006  
6.94875e+337 -6.94875e+337 -6.94875e+337 3.79843e+006  
-2.2119e+339 2.2119e+339 2.2119e+339 3.79843e+006  
7.04086e+340 -7.04086e+340 -7.04086e+340 3.79843e+006  
-2.24122e+342 2.24122e+342 2.24122e+342 3.79843e+006  
7.13419e+343 -7.13419e+343 -7.13419e+343 3.79843e+006  
-2.27093e+345 2.27093e+345 2.27093e+345 3.79843e+006  
7.22876e+346 -7.22876e+346 -7.22876e+346 3.79843e+006  
-2.30104e+348 2.30104e+348 2.30104e+348 3.79843e+006  
7.32458e+349 -7.32458e+349 -7.32458e+349 3.79843e+006  
-2.33154e+351 2.33154e+351 2.33154e+351 3.79843e+006  
7.42167e+352 -7.42167e+352 -7.42167e+352 3.79843e+006  
-2.36244e+354 2.36244e+354 2.36244e+354 3.79843e+006  
7.52005e+355 -7.52005e+355 -7.52005e+355 3.79843e+006  
-2.39376e+357 2.39376e+357 2.39376e+357 3.79843e+006  
7.61974e+358 -7.61974e+358 -7.61974e+358 3.79843e+006  
-2.42549e+360 2.42549e+360 2.42549e+360 3.79843e+006  
7.72074e+361 -7.72074e+361 -7.72074e+361 3.79843e+006  
-2.45764e+363 2.45764e+363 2.45764e+363 3.79843e+006  
7.82308e+364 -7.82308e+364 -7.82308e+364 3.79843e+006  
-2.49022e+366 2.49022e+366 2.49022e+366 3.79843e+006  
7.92678e+367 -7.92678e+367 -7.92678e+367 3.79843e+006  
-2.52323e+369 2.52323e+369 2.52323e+369 3.79843e+006  
8.03186e+370 -8.03186e+370 -8.03186e+370 3.79843e+006  
-2.55668e+372 2.55668e+372 2.55668e+372 3.79843e+006  
8.13833e+373 -8.13833e+373 -8.13833e+373 3.79843e+006  
-2.59057e+375 2.59057e+375 2.59057e+375 3.79843e+006  
8.2462e+376 -8.2462e+376 -8.2462e+376 3.79843e+006  
-2.62491e+378 2.62491e+378 2.62491e+378 3.79843e+006  
8.35551e+379 -8.35551e+379 -8.35551e+379 3.79843e+006  
-2.6597e+381 2.6597e+381 2.6597e+381 3.79843e+006  
8.46627e+382 -8.46627e+382 -8.46627e+382 3.79843e+006  
-2.69496e+384 2.69496e+384 2.69496e+384 3.79843e+006  
8.5785e+385 -8.5785e+385 -8.5785e+385 3.79843e+006  
-2.73068e+387 2.73068e+387 2.73068e+387 3.79843e+006  
8.69221e+388 -8.69221e+388 -8.69221e+388 3.79843e+006  
-2.76688e+390 2.76688e+390 2.76688e+390 3.79843e+006  
8.80743e+391 -8.80743e+391 -8.80743e+391 3.79843e+006  
-2.80355e+393 2.80355e+393 2.80355e+393 3.79843e+006  
8.92418e+394 -8.92418e+394 -8.92418e+394 3.79843e+006  
-2.84072e+396 2.84072e+396 2.84072e+396 3.79843e+006  
9.04247e+397 -9.04247e+397 -9.04247e+397 3.79843e+006  
-2.87837e+399 2.87837e+399 2.87837e+399 3.79843e+006  
9.16234e+400 -9.16234e+400 -9.16234e+400 3.79843e+006  
-2.91653e+402 2.91653e+402 2.91653e+402 3.79843e+006  
9.28379e+403 -9.28379e+403 -9.28379e+403 3.79843e+006  
-2.95519e+405 2.95519e+405 2.95519e+405 3.79843e+006  
9.40685e+406 -9.40685e+406 -9.40685e+406 3.79843e+006  
-2.99436e+408 2.99436e+408 2.99436e+408 3.79843e+006  
9.53155e+409 -9.53155e+409 -9.53155e+409 3.79843e+006  
-3.03405e+411 3.03405e+411 3.03405e+411 3.79843e+006  
9.65789e+412 -9.65789e+412 -9.65789e+412 3.79843e+006  
-3.07427e+414 3.07427e+414 3.07427e+414 3.79843e+006  
9.78591e+415 -9.78591e+415 -9.78591e+415 3.79843e+006  
-3.11502e+417 3.11502e+417 3.11502e+417 3.79843e+006  
9.91563e+418 -9.91563e+418 -9.91563e+418 3.79843e+006  
-3.15631e+420 3.15631e+420 3.15631e+420 3.79843e+006  
1.00471e+422 -1.00471e+422 -1.00471e+422 3.79843e+006  
-3.19815e+423 3.19815e+423 3.19815e+423 3.79843e+006  
1.01803e+425 -1.01803e+425 -1.01803e+425 3.79843e+006  
-3.24054e+426 3.24054e+426 3.24054e+426 3.79843e+006  
1.03152e+428 -1.03152e+428 -1.03152e+428 3.79843e+006  
-3.2835e+429 3.2835e+429 3.2835e+429 3.79843e+006  
1.04519e+431 -1.04519e+431 -1.04519e+431 3.79843e+006  
-3.32702e+432 3.32702e+432 3.32702e+432 3.79843e+006  
1.05905e+434 -1.05905e+434 -1.05905e+434 3.79843e+006  
-3.37113e+435 3.37113e+435 3.37113e+435 3.79843e+006  
1.07309e+437 -1.07309e+437 -1.07309e+437 3.79843e+006  
-3.41581e+438 3.41581e+438 3.41581e+438 3.79843e+006  
1.08731e+440 -1.08731e+440 -1.08731e+440 3.79843e+006  
-3.46109e+441 3.46109e+441 3.46109e+441 3.79843e+006  
1.10172e+443 -1.10172e+443 -1.10172e+443 3.79843e+006  
-3.50697e+444 3.50697e+444 3.50697e+444 3.79843e+006  
1.11633e+446 -1.11633e+446 -1.11633e+446 3.79843e+006  
-3.55346e+447 3.55346e+447 3.55346e+447 3.79843e+006  
1.13113e+449 -1.13113e+449 -1.13113e+449 3.79843e+006  
-3.60056e+450 3.60056e+450 3.60056e+450 3.79843e+006  
1.14612e+452 -1.14612e+452 -1.14612e+452 3.79843e+006  
-3.64829e+453 3.64829e+453 3.64829e+453 3.79843e+006  
1.16131e+455 -1.16131e+455 -1.16131e+455 3.79843e+006  
-3.69665e+456 3.69665e+456 3.69665e+456 3.79843e+006  
1.17671e+458 -1.17671e+458 -1.17671e+458 3.79843e+006  
-3.74565e+459 3.74565e+459 3.74565e+459 3.79843e+006  
1.1923e+461 -1.1923e+461 -1.1923e+461 3.79843e+006  
-3.7953e+462 3.7953e+462 3.7953e+462 3.79843e+006  
1.20811e+464 -1.20811e+464 -1.20811e+464 3.79843e+006  
-3.84561e+465 3.84561e+465 3.84561e+465 3.79843e+006  
1.22412e+467 -1.22412e+467 -1.22412e+467 3.79843e+006  
-3.89659e+468 3.89659e+468 3.89659e+468 3.79843e+006  
1.24035e+470 -1.24035e+470 -1.24035e+470 3.79843e+006  
-3.94824e+471 3.94824e+471 3.94824e+471 3.79843e+006  
1.25679e+473 -1.25679e+473 -1.25679e+473 3.79843e+006  
-4.00057e+474 4.00057e+474 4.00057e+474 3.79843e+006  
1.27345e+476 -1.27345e+476 -1.27345e+476 3.79843e+006  
-4.0536e+477 4.0536e+477 4.0536e+477 3.79843e+006  
1.29033e+479 -1.29033e+479 -1.29033e+479 3.79843e+006  
-4.10734e+480 4.10734e+480 4.10734e+480 3.79843e+006  
1.30743e+482 -1.30743e+482 -1.30743e+482 3.79843e+006  
-4.16178e+483 4.16178e+483 4.16178e+483 3.79843e+006  
1.32477e+485 -1.32477e+485 -1.32477e+485 3.79843e+006  
-4.21695e+486 4.21695e+486 4.21695e+486 3.79843e+006  
1.34233e+488 -1.34233e+488 -1.34233e+488 3.79843e+006  
-4.27285e+489 4.27285e+489 4.27285e+489 3.79843e+006  
1.36012e+491 -1.36012e+491 -1.36012e+491 3.79843e+006  
-4.32949e+492 4.32949e+492 4.32949e+492 3.79843e+006  
1.37815e+494 -1.37815e+494 -1.37815e+494 3.79843e+006  
-4.38688e+495 4.38688e+495 4.38688e+495 3.79843e+006  
1.39642e+497 -1.39642e+497 -1.39642e+497 3.79843e+006  
-4.44503e+498 4.44503e+498 4.44503e+498 3.79843e+006  
1.41493e+500 -1.41493e+500 -1.41493e+500 3.79843e+006  
-4.50395e+501 4.50395e+501 4.50395e+501 3.79843e+006  
1.43368e+503 -1.43368e+503 -1.43368e+503 3.79843e+006  
-4.56365e+504 4.56365e+504 4.56365e+504 3.79843e+006  
1.45269e+506 -1.45269e+506 -1.45269e+506 3.79843e+006  
-4.62415e+507 4.62415e+507 4.62415e+507 3.79843e+006  
1.47194e+509 -1.47194e+509 -1.47194e+509 3.79843e+006  
-4.68544e+510 4.68544e+510 4.68544e+510 3.79843e+006  
1.49146e+512 -1.49146e+512 -1.49146e+512 3.79843e+006  
-4.74755e+513 4.74755e+513 4.74755e+513 3.79843e+006  
1.51123e+515 -1.51123e+515 -1.51123e+515 3.79843e+006  
-4.81048e+516 4.81048e+516 4.81048e+516 3.79843e+006  
1.53126e+518 -1.53126e+518 -1.53126e+518 3.79843e+006  
-4.87425e+519 4.87425e+519 4.87425e+519 3.79843e+006  
1.55156e+521 -1.55156e+521 -1.55156e+521 3.79843e+006  
-4.93886e+522 4.93886e+522 4.93886e+522 3.79843e+006  
1.57212e+524 -1.57212e+524 -1.57212e+524 3.79843e+006  
-5.00433e+525 5.00433e+525 5.00433e+525 3.79843e+006  
1.59296e+527 -1.59296e+527 -1.59296e+527 3.79843e+006  
-5.07066e+528 5.07066e+528 5.07066e+528 3.79843e+006  
1.61408e+530 -1.61408e+530 -1.61408e+530 3.79843e+006  
-5.13788e+531 5.13788e+531 5.13788e+531 3.79843e+006  
1.63547e+533 -1.63547e+533 -1.63547e+533 3.79843e+006  
-5.20598e+534 5.20598e+534 5.20598e+534 3.79843e+006  
1.65715e+536 -1.65715e+536 -1.65715e+536 3.79843e+006  
-5.27499e+537 5.27499e+537 5.27499e+537 3.79843e+006  
1.67912e+539 -1.67912e+539 -1.67912e+539 3.79843e+006  
-5.34492e+540 5.34492e+540 5.34492e+540 3.79843e+006  
1.70138e+542 -1.70138e+542 -1.70138e+542 3.79843e+006  
-5.41577e+543 5.41577e+543 5.41577e+543 3.79843e+006  
1.72393e+545 -1.72393e+545 -1.72393e+545 3.79843e+006  
-5.48756e+546 5.48756e+546 5.48756e+546 3.79843e+006  
1.74678e+548 -1.74678e+548 -1.74678e+548 3.79843e+006  
-5.5603e+549 5.5603e+549 5.5603e+549 3.79843e+006  
1.76994e+551 -1.76994e+551 -1.76994e+551 3.79843e+006  
-5.634e+552 5.634e+552 5.634e+552 3.79843e+006  
1.7934e+554 -1.7934e+554 -1.7934e+554 3.79843e+006  
-5.70868e+555 5.70868e+555 5.70868e+555 3.79843e+006  
1.81717e+557 -1.81717e+557 -1.81717e+557 3.79843e+006  
-5.78436e+558 5.78436e+558 5.78436e+558 3.79843e+006  
1.84126e+560 -1.84126e+560 -1.84126e+560 3.79843e+006  
-5.86103e+561 5.86103e+561 5.86103e+561 3.79843e+006  
1.86566e+563 -1.86566e+563 -1.86566e+563 3.79843e+006  
-5.93872e+564 5.93872e+564 5.93872e+564 3.79843e+006  
1.8904e+566 -1.8904e+566 -1.8904e+566 3.79843e+006  
-6.01745e+567 6.01745e+567 6.01745e+567 3.79843e+006  
1.91545e+569 -1.91545e+569 -1.91545e+569 3.79843e+006  
-6.09721e+570 6.09721e+570 6.09721e+570 3.79843e+006  
1.94084e+572 -1.94084e+572 -1.94084e+572 3.79843e+006  
-6.17803e+573 6.17803e+573 6.17803e+573 3.79843e+006  
1.96657e+575 -1.96657e+575 -1.96657e+575 3.79843e+006  
-6.25993e+576 6.25993e+576 6.25993e+576 3.79843e+006  
1.99264e+578 -1.99264e+578 -1.99264e+578 3.79843e+006  
-6.34291e+579 6.34291e+579 6.34291e+579 3.79843e+006  
2.01905e+581 -2.01905e+581 -2.01905e+581 3.79843e+006  
-6.42698e+582 6.42698e+582 6.42698e+582 3.79843e+006  
2.04582e+584 -2.04582e+584 -2.04582e+584 3.79843e+006  
-6.51218e+585 6.51218e+585 6.51218e+585 3.79843e+006  
2.07294e+587 -2.07294e+587 -2.07294e+587 3.79843e+006  
-6.5985e+588 6.5985e+588 6.5985e+588 3.79843e+006  
2.10041e+590 -2.10041e+590 -2.10041e+590 3.79843e+006  
-6.68597e+591 6.68597e+591 6.68597e+591 3.79843e+006  
2.12826e+593 -2.12826e+593 -2.12826e+593 3.79843e+006  
-6.7746e+594 6.7746e+594 6.7746e+594 3.79843e+006  
2.15647e+596 -2.15647e+596 -2.15647e+596 3.79843e+006  
-6.8644e+597 6.8644e+597 6.8644e+597 3.79843e+006  
2.18505e+599 -2.18505e+599 -2.18505e+599 3.79843e+006  
-6.95539e+600 6.95539e+600 6.95539e+600 3.79843e+006  
2.21402e+602 -2.21402e+602 -2.21402e+602 3.79843e+006  
-7.04759e+603 7.04759e+603 7.04759e+603 3.79843e+006  
2.24336e+605 -2.24336e+605 -2.24336e+605 3.79843e+006  
-7.14101e+606 7.14101e+606 7.14101e+606 3.79843e+006  
2.2731e+608 -2.2731e+608 -2.2731e+608 3.79843e+006  
-7.23567e+609 7.23567e+609 7.23567e+609 3.79843e+006  
2.30323e+611 -2.30323e+611 -2.30323e+611 3.79843e+006  
-7.33158e+612 7.33158e+612 7.33158e+612 3.79843e+006  
2.33376e+614 -2.33376e+614 -2.33376e+614 3.79843e+006  
-7.42876e+615 7.42876e+615 7.42876e+615 3.79843e+006  
2.3647e+617 -2.3647e+617 -2.3647e+617 3.79843e+006  
-7.52724e+618 7.52724e+618 7.52724e+618 3.79843e+006  
2.39605e+620 -2.39605e+620 -2.39605e+620 3.79843e+006  
-7.62701e+621 7.62701e+621 7.62701e+621 3.79843e+006  
2.42781e+623 -2.42781e+623 -2.42781e+623 3.79843e+006  
-7.72812e+624 7.72812e+624 7.72812e+624 3.79843e+006  
2.45999e+626 -2.45999e+626 -2.45999e+626 3.79843e+006  
-7.83056e+627 7.83056e+627 7.83056e+627 3.79843e+006  
2.4926e+629 -2.4926e+629 -2.4926e+629 3.79843e+006  
-7.93436e+630 7.93436e+630 7.93436e+630 3.79843e+006  
2.52564e+632 -2.52564e+632 -2.52564e+632 3.79843e+006  
-8.03953e+633 8.03953e+633 8.03953e+633 3.79843e+006  
2.55912e+635 -2.55912e+635 -2.55912e+635 3.79843e+006  
-8.1461e+636 8.1461e+636 8.1461e+636 3.79843e+006  
2.59304e+638 -2.59304e+638 -2.59304e+638 3.79843e+006  
-8.25408e+639 8.25408e+639 8.25408e+639 3.79843e+006  
2.62741e+641 -2.62741e+641 -2.62741e+641 3.79843e+006  
-8.36349e+642 8.36349e+642 8.36349e+642 3.79843e+006  
2.66224e+644 -2.66224e+644 -2.66224e+644 3.79843e+006  
-8.47436e+645 8.47436e+645 8.47436e+645 3.79843e+006  
2.69753e+647 -2.69753e+647 -2.69753e+647 3.79843e+006  
-8.58669e+648 8.58669e+648 8.58669e+648 3.79843e+006  
2.73329e+650 -2.73329e+650 -2.73329e+650 3.79843e+006  
-8.70051e+651 8.70051e+651 8.70051e+651 3.79843e+006  
2.76952e+653 -2.76952e+653 -2.76952e+653 3.79843e+006  
-8.81584e+654 8.81584e+654 8.81584e+654 3.79843e+006  
2.80623e+656 -2.80623e+656 -2.80623e+656 3.79843e+006  
-8.9327e+657 8.9327e+657 8.9327e+657 3.79843e+006  
2.84343e+659 -2.84343e+659 -2.84343e+659 3.79843e+006  
-9.05111e+660 9.05111e+660 9.05111e+660 3.79843e+006  
2.88112e+662 -2.88112e+662 -2.88112e+662 3.79843e+006  
-9.17109e+663 9.17109e+663 9.17109e+663 3.79843e+006  
2.91931e+665 -2.91931e+665 -2.91931e+665 3.79843e+006  
-9.29266e+666 9.29266e+666 9.29266e+666 3.79843e+006  
2.95801e+668 -2.95801e+668 -2.95801e+668 3.79843e+006  
-9.41584e+669 9.41584e+669 9.41584e+669 3.79843e+006  
2.99722e+671 -2.99722e+671 -2.99722e+671 3.79843e+006  
-9.54065e+672 9.54065e+672 9.54065e+672 3.79843e+006  
3.03695e+674 -3.03695e+674 -3.03695e+674 3.79843e+006  
-9.66712e+675 9.66712e+675 9.66712e+675 3.79843e+006  
3.07721e+677 -3.07721e+677 -3.07721e+677 3.79843e+006  
-9.79526e+678 9.79526e+678 9.79526e+678 3.79843e+006  
3.118e+680 -3.118e+680 -3.118e+680 3.79843e+006  
-9.9251e+681 9.9251e+681 9.9251e+681 3.79843e+006  
3.15933e+683 -3.15933e+683 -3.15933e+683 3.79843e+006  
-1.00567e+685 1.00567e+685 1.00567e+685 3.79843e+006  
3.20121e+686 -3.20121e+686 -3.20121e+686 3.79843e+006  
-1.019e+688 1.019e+688 1.019e+688 3.79843e+006  
3.24364e+689 -3.24364e+689 -3.24364e+689 3.79843e+006  
-1.0325e+691 1.0325e+691 1.0325e+691 3.79843e+006  
3.28664e+692 -3.28664e+692 -3.28664e+692 3.79843e+006  
-1.04619e+694 1.04619e+694 1.04619e+694 3.79843e+006  
3.3302e+695 -3.3302e+695 -3.3302e+695 3.79843e+006  
-1.06006e+697 1.06006e+697 1.06006e+697 3.79843e+006  
3.37435e+698 -3.37435e+698 -3.37435e+698 3.79843e+006  
-1.07411e+700 1.07411e+700 1.07411e+700 3.79843e+006  
3.41908e+701 -3.41908e+701 -3.41908e+701 3.79843e+006  
-1.08835e+703 1.08835e+703 1.08835e+703 3.79843e+006  
3.4644e+704 -3.4644e+704 -3.4644e+704 3.79843e+006  
-1.10278e+706 1.10278e+706 1.10278e+706 3.79843e+006  
3.51032e+707 -3.51032e+707 -3.51032e+707 3.79843e+006  
-1.11739e+709 1.11739e+709 1.11739e+709 3.79843e+006  
3.55685e+710 -3.55685e+710 -3.55685e+710 3.79843e+006  
-1.13221e+712 1.13221e+712 1.13221e+712 3.79843e+006  
3.604e+713 -3.604e+713 -3.604e+713 3.79843e+006  
-1.14721e+715 1.14721e+715 1.14721e+715 3.79843e+006  
3.65177e+716 -3.65177e+716 -3.65177e+716 3.79843e+006  
-1.16242e+718 1.16242e+718 1.16242e+718 3.79843e+006  
3.70018e+719 -3.70018e+719 -3.70018e+719 3.79843e+006  
-1.17783e+721 1.17783e+721 1.17783e+721 3.79843e+006  
3.74923e+722 -3.74923e+722 -3.74923e+722 3.79843e+006  
-1.19344e+724 1.19344e+724 1.19344e+724 3.79843e+006  
3.79893e+725 -3.79893e+725 -3.79893e+725 3.79843e+006  
-1.20926e+727 1.20926e+727 1.20926e+727 3.79843e+006  
3.84928e+728 -3.84928e+728 -3.84928e+728 3.79843e+006  
-1.22529e+730 1.22529e+730 1.22529e+730 3.79843e+006  
3.90031e+731 -3.90031e+731 -3.90031e+731 3.79843e+006  
-1.24153e+733 1.24153e+733 1.24153e+733 3.79843e+006  
3.95201e+734 -3.95201e+734 -3.95201e+734 3.79843e+006  
-1.25799e+736 1.25799e+736 1.25799e+736 3.79843e+006  
4.0044e+737 -4.0044e+737 -4.0044e+737 3.79843e+006  
-1.27467e+739 1.27467e+739 1.27467e+739 3.79843e+006  
4.05748e+740 -4.05748e+740 -4.05748e+740 3.79843e+006  
-1.29156e+742 1.29156e+742 1.29156e+742 3.79843e+006  
4.11126e+743 -4.11126e+743 -4.11126e+743 3.79843e+006  
-1.30868e+745 1.30868e+745 1.30868e+745 3.79843e+006  
4.16576e+746 -4.16576e+746 -4.16576e+746 3.79843e+006  
-1.32603e+748 1.32603e+748 1.32603e+748 3.79843e+006  
4.22098e+749 -4.22098e+749 -4.22098e+749 3.79843e+006  
-1.34361e+751 1.34361e+751 1.34361e+751 3.79843e+006  
4.27693e+752 -4.27693e+752 -4.27693e+752 3.79843e+006  
-1.36142e+754 1.36142e+754 1.36142e+754 3.79843e+006  
4.33362e+755 -4.33362e+755 -4.33362e+755 3.79843e+006  
-1.37946e+757 1.37946e+757 1.37946e+757 3.79843e+006  
4.39107e+758 -4.39107e+758 -4.39107e+758 3.79843e+006  
-1.39775e+760 1.39775e+760 1.39775e+760 3.79843e+006  
4.44927e+761 -4.44927e+761 -4.44927e+761 3.79843e+006  
-1.41628e+763 1.41628e+763 1.41628e+763 3.79843e+006  
4.50825e+764 -4.50825e+764 -4.50825e+764 3.79843e+006  
-1.43505e+766 1.43505e+766 1.43505e+766 3.79843e+006  
4.56801e+767 -4.56801e+767 -4.56801e+767 3.79843e+006  
-1.45407e+769 1.45407e+769 1.45407e+769 3.79843e+006  
4.62856e+770 -4.62856e+770 -4.62856e+770 3.79843e+006  
-1.47335e+772 1.47335e+772 1.47335e+772 3.79843e+006  
4.68992e+773 -4.68992e+773 -4.68992e+773 3.79843e+006  
-1.49288e+775 1.49288e+775 1.49288e+775 3.79843e+006  
4.75209e+776 -4.75209e+776 -4.75209e+776 3.79843e+006  
-1.51267e+778 1.51267e+778 1.51267e+778 3.79843e+006  
4.81508e+779 -4.81508e+779 -4.81508e+779 3.79843e+006  
-1.53272e+781 1.53272e+781 1.53272e+781 3.79843e+006  
4.8789e+782 -4.8789e+782 -4.8789e+782 3.79843e+006  
-1.55304e+784 1.55304e+784 1.55304e+784 3.79843e+006  
4.94358e+785 -4.94358e+785 -4.94358e+785 3.79843e+006  
-1.57362e+787 1.57362e+787 1.57362e+787 3.79843e+006  
5.00911e+788 -5.00911e+788 -5.00911e+788 3.79843e+006  
-1.59448e+790 1.59448e+790 1.59448e+790 3.79843e+006  
5.07551e+791 -5.07551e+791 -5.07551e+791 3.79843e+006  
-1.61562e+793 1.61562e+793 1.61562e+793 3.79843e+006  
5.14279e+794 -5.14279e+794 -5.14279e+794 3.79843e+006  
-1.63704e+796 1.63704e+796 1.63704e+796 3.79843e+006  
5.21096e+797 -5.21096e+797 -5.21096e+797 3.79843e+006  
-1.65873e+799 1.65873e+799 1.65873e+799 3.79843e+006  
5.28003e+800 -5.28003e+800 -5.28003e+800 3.79843e+006  
-1.68072e+802 1.68072e+802 1.68072e+802 3.79843e+006  
5.35002e+803 -5.35002e+803 -5.35002e+803 3.79843e+006  
-1.703e+805 1.703e+805 1.703e+805 3.79843e+006  
5.42094e+806 -5.42094e+806 -5.42094e+806 3.79843e+006  
-1.72558e+808 1.72558e+808 1.72558e+808 3.79843e+006  
5.4928e+809 -5.4928e+809 -5.4928e+809 3.79843e+006  
-1.74845e+811 1.74845e+811 1.74845e+811 3.79843e+006  
5.56561e+812 -5.56561e+812 -5.56561e+812 3.79843e+006  
-1.77163e+814 1.77163e+814 1.77163e+814 3.79843e+006  
5.63938e+815 -5.63938e+815 -5.63938e+815 3.79843e+006  
-1.79511e+817 1.79511e+817 1.79511e+817 3.79843e+006  
5.71414e+818 -5.71414e+818 -5.71414e+818 3.79843e+006  
-1.81891e+820 1.81891e+820 1.81891e+820 3.79843e+006  
5.78988e+821 -5.78988e+821 -5.78988e+821 3.79843e+006  
-1.84302e+823 1.84302e+823 1.84302e+823 3.79843e+006  
5.86663e+824 -5.86663e+824 -5.86663e+824 3.79843e+006  
-1.86745e+826 1.86745e+826 1.86745e+826 3.79843e+006  
5.9444e+827 -5.9444e+827 -5.9444e+827 3.79843e+006  
-1.8922e+829 1.8922e+829 1.8922e+829 3.79843e+006  
6.02319e+830 -6.02319e+830 -6.02319e+830 3.79843e+006  
-1.91728e+832 1.91728e+832 1.91728e+832 3.79843e+006  
6.10303e+833 -6.10303e+833 -6.10303e+833 3.79843e+006  
-1.9427e+835 1.9427e+835 1.9427e+835 3.79843e+006  
6.18393e+836 -6.18393e+836 -6.18393e+836 3.79843e+006  
-1.96845e+838 1.96845e+838 1.96845e+838 3.79843e+006  
6.26591e+839 -6.26591e+839 -6.26591e+839 3.79843e+006  
-1.99454e+841 1.99454e+841 1.99454e+841 3.79843e+006  
6.34896e+842 -6.34896e+842 -6.34896e+842 3.79843e+006  
-2.02098e+844 2.02098e+844 2.02098e+844 3.79843e+006  
6.43312e+845 -6.43312e+845 -6.43312e+845 3.79843e+006  
-2.04777e+847 2.04777e+847 2.04777e+847 3.79843e+006  
6.5184e+848 -6.5184e+848 -6.5184e+848 3.79843e+006  
-2.07492e+850 2.07492e+850 2.07492e+850 3.79843e+006  
6.6048e+851 -6.6048e+851 -6.6048e+851 3.79843e+006  
-2.10242e+853 2.10242e+853 2.10242e+853 3.79843e+006  
6.69235e+854 -6.69235e+854 -6.69235e+854 3.79843e+006  
-2.13029e+856 2.13029e+856 2.13029e+856 3.79843e+006  
6.78107e+857 -6.78107e+857 -6.78107e+857 3.79843e+006  
-2.15853e+859 2.15853e+859 2.15853e+859 3.79843e+006  
6.87095e+860 -6.87095e+860 -6.87095e+860 3.79843e+006  
-2.18714e+862 2.18714e+862 2.18714e+862 3.79843e+006  
6.96203e+863 -6.96203e+863 -6.96203e+863 3.79843e+006  
-2.21613e+865 2.21613e+865 2.21613e+865 3.79843e+006  
7.05432e+866 -7.05432e+866 -7.05432e+866 3.79843e+006  
-2.24551e+868 2.24551e+868 2.24551e+868 3.79843e+006  
7.14783e+869 -7.14783e+869 -7.14783e+869 3.79843e+006  
-2.27527e+871 2.27527e+871 2.27527e+871 3.79843e+006  
7.24258e+872 -7.24258e+872 -7.24258e+872 3.79843e+006  
-2.30543e+874 2.30543e+874 2.30543e+874 3.79843e+006  
7.33858e+875 -7.33858e+875 -7.33858e+875 3.79843e+006  
-2.33599e+877 2.33599e+877 2.33599e+877 3.79843e+006  
7.43586e+878 -7.43586e+878 -7.43586e+878 3.79843e+006  
-2.36696e+880 2.36696e+880 2.36696e+880 3.79843e+006  
7.53443e+881 -7.53443e+881 -7.53443e+881 3.79843e+006  
-2.39833e+883 2.39833e+883 2.39833e+883 3.79843e+006  
7.6343e+884 -7.6343e+884 -7.6343e+884 3.79843e+006  
-2.43013e+886 2.43013e+886 2.43013e+886 3.79843e+006  
7.7355e+887 -7.7355e+887 -7.7355e+887 3.79843e+006  
-2.46234e+889 2.46234e+889 2.46234e+889 3.79843e+006  
7.83804e+890 -7.83804e+890 -7.83804e+890 3.79843e+006  
-2.49498e+892 2.49498e+892 2.49498e+892 3.79843e+006  
7.94193e+893 -7.94193e+893 -7.94193e+893 3.79843e+006  
-2.52805e+895 2.52805e+895 2.52805e+895 3.79843e+006  
8.04721e+896 -8.04721e+896 -8.04721e+896 3.79843e+006  
-2.56156e+898 2.56156e+898 2.56156e+898 3.79843e+006  
8.15388e+899 -8.15388e+899 -8.15388e+899 3.79843e+006  
-2.59552e+901 2.59552e+901 2.59552e+901 3.79843e+006  
8.26196e+902 -8.26196e+902 -8.26196e+902 3.79843e+006  
-2.62992e+904 2.62992e+904 2.62992e+904 3.79843e+006  
8.37148e+905 -8.37148e+905 -8.37148e+905 3.79843e+006  
-2.66478e+907 2.66478e+907 2.66478e+907 3.79843e+006  
8.48245e+908 -8.48245e+908 -8.48245e+908 3.79843e+006  
-2.70011e+910 2.70011e+910 2.70011e+910 3.79843e+006  
8.59489e+911 -8.59489e+911 -8.59489e+911 3.79843e+006  
-2.7359e+913 2.7359e+913 2.7359e+913 3.79843e+006  
8.70882e+914 -8.70882e+914 -8.70882e+914 3.79843e+006  
-2.77216e+916 2.77216e+916 2.77216e+916 3.79843e+006  
8.82426e+917 -8.82426e+917 -8.82426e+917 3.79843e+006  
-2.80891e+919 2.80891e+919 2.80891e+919 3.79843e+006  
8.94123e+920 -8.94123e+920 -8.94123e+920 3.79843e+006  
-2.84614e+922 2.84614e+922 2.84614e+922 3.79843e+006  
9.05976e+923 -9.05976e+923 -9.05976e+923 3.79843e+006  
-2.88387e+925 2.88387e+925 2.88387e+925 3.79843e+006  
9.17985e+926 -9.17985e+926 -9.17985e+926 3.79843e+006  
-2.9221e+928 2.9221e+928 2.9221e+928 3.79843e+006  
9.30153e+929 -9.30153e+929 -9.30153e+929 3.79843e+006  
-2.96083e+931 2.96083e+931 2.96083e+931 3.79843e+006  
9.42483e+932 -9.42483e+932 -9.42483e+932 3.79843e+006  
-3.00008e+934 3.00008e+934 3.00008e+934 3.79843e+006  
9.54976e+935 -9.54976e+935 -9.54976e+935 3.79843e+006  
-3.03985e+937 3.03985e+937 3.03985e+937 3.79843e+006  
9.67635e+938 -9.67635e+938 -9.67635e+938 3.79843e+006  
-3.08014e+940 3.08014e+940 3.08014e+940 3.79843e+006  
9.80462e+941 -9.80462e+941 -9.80462e+941 3.79843e+006  
-3.12097e+943 3.12097e+943 3.12097e+943 3.79843e+006  
9.93458e+944 -9.93458e+944 -9.93458e+944 3.79843e+006  
-3.16234e+946 3.16234e+946 3.16234e+946 3.79843e+006  
1.00663e+948 -1.00663e+948 -1.00663e+948 3.79843e+006  
-3.20426e+949 3.20426e+949 3.20426e+949 3.79843e+006  
1.01997e+951 -1.01997e+951 -1.01997e+951 3.79843e+006  
-3.24674e+952 3.24674e+952 3.24674e+952 3.79843e+006  
1.03349e+954 -1.03349e+954 -1.03349e+954 3.79843e+006  
-3.28978e+955 3.28978e+955 3.28978e+955 3.79843e+006  
1.04719e+957 -1.04719e+957 -1.04719e+957 3.79843e+006  
-3.33338e+958 3.33338e+958 3.33338e+958 3.79843e+006  
1.06107e+960 -1.06107e+960 -1.06107e+960 3.79843e+006  
-3.37757e+961 3.37757e+961 3.37757e+961 3.79843e+006  
1.07514e+963 -1.07514e+963 -1.07514e+963 3.79843e+006  
-3.42234e+964 3.42234e+964 3.42234e+964 3.79843e+006  
1.08939e+966 -1.08939e+966 -1.08939e+966 3.79843e+006  
-3.46771e+967 3.46771e+967 3.46771e+967 3.79843e+006  
1.10383e+969 -1.10383e+969 -1.10383e+969 3.79843e+006  
-3.51367e+970 3.51367e+970 3.51367e+970 3.79843e+006  
1.11846e+972 -1.11846e+972 -1.11846e+972 3.79843e+006  
-3.56025e+973 3.56025e+973 3.56025e+973 3.79843e+006  
1.13329e+975 -1.13329e+975 -1.13329e+975 3.79843e+006  
-3.60744e+976 3.60744e+976 3.60744e+976 3.79843e+006  
1.14831e+978 -1.14831e+978 -1.14831e+978 3.79843e+006  
-3.65526e+979 3.65526e+979 3.65526e+979 3.79843e+006  
1.16353e+981 -1.16353e+981 -1.16353e+981 3.79843e+006  
-3.70371e+982 3.70371e+982 3.70371e+982 3.79843e+006  
1.17895e+984 -1.17895e+984 -1.17895e+984 3.79843e+006  
-3.75281e+985 3.75281e+985 3.75281e+985 3.79843e+006  
1.19458e+987 -1.19458e+987 -1.19458e+987 3.79843e+006  
-3.80256e+988 3.80256e+988 3.80256e+988 3.79843e+006  
1.21042e+990 -1.21042e+990 -1.21042e+990 3.79843e+006  
-3.85296e+991 3.85296e+991 3.85296e+991 3.79843e+006  
1.22646e+993 -1.22646e+993 -1.22646e+993 3.79843e+006  
-3.90403e+994 3.90403e+994 3.90403e+994 3.79843e+006  
1.24272e+996 -1.24272e+996 -1.24272e+996 3.79843e+006  
-3.95578e+997 3.95578e+997 3.95578e+997 3.79843e+006  
1.25919e+999 -1.25919e+999 -1.25919e+999 3.79843e+006  
-4.00822e+1000 4.00822e+1000 4.00822e+1000 3.79843e+006  
1.27588e+1002 -1.27588e+1002 -1.27588e+1002 3.79843e+006  
-4.06135e+1003 4.06135e+1003 4.06135e+1003 3.79843e+006  
1.2928e+1005 -1.2928e+1005 -1.2928e+1005 3.79843e+006  
-4.11519e+1006 4.11519e+1006 4.11519e+1006 3.79843e+006  
1.30993e+1008 -1.30993e+1008 -1.30993e+1008 3.79843e+006  
-4.16974e+1009 4.16974e+1009 4.16974e+1009 3.79843e+006  
1.3273e+1011 -1.3273e+1011 -1.3273e+1011 3.79843e+006  
-4.22501e+1012 4.22501e+1012 4.22501e+1012 3.79843e+006  
1.34489e+1014 -1.34489e+1014 -1.34489e+1014 3.79843e+006  
-4.28101e+1015 4.28101e+1015 4.28101e+1015 3.79843e+006  
1.36272e+1017 -1.36272e+1017 -1.36272e+1017 3.79843e+006  
-4.33776e+1018 4.33776e+1018 4.33776e+1018 3.79843e+006  
1.38078e+1020 -1.38078e+1020 -1.38078e+1020 3.79843e+006  
-4.39526e+1021 4.39526e+1021 4.39526e+1021 3.79843e+006  
1.39909e+1023 -1.39909e+1023 -1.39909e+1023 3.79843e+006  
-4.45352e+1024 4.45352e+1024 4.45352e+1024 3.79843e+006  
1.41763e+1026 -1.41763e+1026 -1.41763e+1026 3.79843e+006  
-4.51256e+1027 4.51256e+1027 4.51256e+1027 3.79843e+006  
1.43642e+1029 -1.43642e+1029 -1.43642e+1029 3.79843e+006  
-4.57238e+1030 4.57238e+1030 4.57238e+1030 3.79843e+006  
1.45546e+1032 -1.45546e+1032 -1.45546e+1032 3.79843e+006  
-4.63298e+1033 4.63298e+1033 4.63298e+1033 3.79843e+006  
1.47476e+1035 -1.47476e+1035 -1.47476e+1035 3.79843e+006  
-4.6944e+1036 4.6944e+1036 4.6944e+1036 3.79843e+006  
1.49431e+1038 -1.49431e+1038 -1.49431e+1038 3.79843e+006  
-4.75663e+1039 4.75663e+1039 4.75663e+1039 3.79843e+006  
1.51411e+1041 -1.51411e+1041 -1.51411e+1041 3.79843e+006  
-4.81968e+1042 4.81968e+1042 4.81968e+1042 3.79843e+006  
1.53418e+1044 -1.53418e+1044 -1.53418e+1044 3.79843e+006  
-4.88356e+1045 4.88356e+1045 4.88356e+1045 3.79843e+006  
1.55452e+1047 -1.55452e+1047 -1.55452e+1047 3.79843e+006  
-4.9483e+1048 4.9483e+1048 4.9483e+1048 3.79843e+006  
1.57513e+1050 -1.57513e+1050 -1.57513e+1050 3.79843e+006  
-5.01389e+1051 5.01389e+1051 5.01389e+1051 3.79843e+006  
1.59601e+1053 -1.59601e+1053 -1.59601e+1053 3.79843e+006  
-5.08035e+1054 5.08035e+1054 5.08035e+1054 3.79843e+006  
1.61716e+1056 -1.61716e+1056 -1.61716e+1056 3.79843e+006  
-5.1477e+1057 5.1477e+1057 5.1477e+1057 3.79843e+006  
1.6386e+1059 -1.6386e+1059 -1.6386e+1059 3.79843e+006  
-5.21593e+1060 5.21593e+1060 5.21593e+1060 3.79843e+006  
1.66032e+1062 -1.66032e+1062 -1.66032e+1062 3.79843e+006  
-5.28507e+1063 5.28507e+1063 5.28507e+1063 3.79843e+006  
1.68233e+1065 -1.68233e+1065 -1.68233e+1065 3.79843e+006  
-5.35513e+1066 5.35513e+1066 5.35513e+1066 3.79843e+006  
1.70463e+1068 -1.70463e+1068 -1.70463e+1068 3.79843e+006  
-5.42612e+1069 5.42612e+1069 5.42612e+1069 3.79843e+006  
1.72722e+1071 -1.72722e+1071 -1.72722e+1071 3.79843e+006  
-5.49804e+1072 5.49804e+1072 5.49804e+1072 3.79843e+006  
1.75012e+1074 -1.75012e+1074 -1.75012e+1074 3.79843e+006  
-5.57092e+1075 5.57092e+1075 5.57092e+1075 3.79843e+006  
1.77332e+1077 -1.77332e+1077 -1.77332e+1077 3.79843e+006  
-5.64477e+1078 5.64477e+1078 5.64477e+1078 3.79843e+006  
1.79682e+1080 -1.79682e+1080 -1.79682e+1080 3.79843e+006  
-5.71959e+1081 5.71959e+1081 5.71959e+1081 3.79843e+006  
1.82064e+1083 -1.82064e+1083 -1.82064e+1083 3.79843e+006  
-5.79541e+1084 5.79541e+1084 5.79541e+1084 3.79843e+006  
1.84478e+1086 -1.84478e+1086 -1.84478e+1086 3.79843e+006  
-5.87223e+1087 5.87223e+1087 5.87223e+1087 3.79843e+006  
1.86923e+1089 -1.86923e+1089 -1.86923e+1089 3.79843e+006  
-5.95007e+1090 5.95007e+1090 5.95007e+1090 3.79843e+006  
1.89401e+1092 -1.89401e+1092 -1.89401e+1092 3.79843e+006  
-6.02895e+1093 6.02895e+1093 6.02895e+1093 3.79843e+006  
1.91911e+1095 -1.91911e+1095 -1.91911e+1095 3.79843e+006  
-6.10886e+1096 6.10886e+1096 6.10886e+1096 3.79843e+006  
1.94455e+1098 -1.94455e+1098 -1.94455e+1098 3.79843e+006  
-6.18984e+1099 6.18984e+1099 6.18984e+1099 3.79843e+006  
1.97033e+1101 -1.97033e+1101 -1.97033e+1101 3.79843e+006  
-6.27189e+1102 6.27189e+1102 6.27189e+1102 3.79843e+006  
1.99645e+1104 -1.99645e+1104 -1.99645e+1104 3.79843e+006  
-6.35503e+1105 6.35503e+1105 6.35503e+1105 3.79843e+006  
2.02291e+1107 -2.02291e+1107 -2.02291e+1107 3.79843e+006  
-6.43927e+1108 6.43927e+1108 6.43927e+1108 3.79843e+006  
2.04973e+1110 -2.04973e+1110 -2.04973e+1110 3.79843e+006  
-6.52462e+1111 6.52462e+1111 6.52462e+1111 3.79843e+006  
2.0769e+1113 -2.0769e+1113 -2.0769e+1113 3.79843e+006  
-6.61111e+1114 6.61111e+1114 6.61111e+1114 3.79843e+006  
2.10443e+1116 -2.10443e+1116 -2.10443e+1116 3.79843e+006  
-6.69875e+1117 6.69875e+1117 6.69875e+1117 3.79843e+006  
2.13232e+1119 -2.13232e+1119 -2.13232e+1119 3.79843e+006  
-6.78754e+1120 6.78754e+1120 6.78754e+1120 3.79843e+006  
2.16059e+1122 -2.16059e+1122 -2.16059e+1122 3.79843e+006  
-6.87752e+1123 6.87752e+1123 6.87752e+1123 3.79843e+006  
2.18923e+1125 -2.18923e+1125 -2.18923e+1125 3.79843e+006  
-6.96868e+1126 6.96868e+1126 6.96868e+1126 3.79843e+006  
2.21825e+1128 -2.21825e+1128 -2.21825e+1128 3.79843e+006  
-7.06106e+1129 7.06106e+1129 7.06106e+1129 3.79843e+006  
2.24765e+1131 -2.24765e+1131 -2.24765e+1131 3.79843e+006  
-7.15465e+1132 7.15465e+1132 7.15465e+1132 3.79843e+006  
2.27745e+1134 -2.27745e+1134 -2.27745e+1134 3.79843e+006  
-7.24949e+1135 7.24949e+1135 7.24949e+1135 3.79843e+006  
2.30764e+1137 -2.30764e+1137 -2.30764e+1137 3.79843e+006  
-7.34559e+1138 7.34559e+1138 7.34559e+1138 3.79843e+006  
2.33822e+1140 -2.33822e+1140 -2.33822e+1140 3.79843e+006  
-7.44296e+1141 7.44296e+1141 7.44296e+1141 3.79843e+006  
2.36922e+1143 -2.36922e+1143 -2.36922e+1143 3.79843e+006  
-7.54162e+1144 7.54162e+1144 7.54162e+1144 3.79843e+006  
2.40062e+1146 -2.40062e+1146 -2.40062e+1146 3.79843e+006  
-7.64159e+1147 7.64159e+1147 7.64159e+1147 3.79843e+006  
2.43245e+1149 -2.43245e+1149 -2.43245e+1149 3.79843e+006  
-7.74288e+1150 7.74288e+1150 7.74288e+1150 3.79843e+006  
2.46469e+1152 -2.46469e+1152 -2.46469e+1152 3.79843e+006  
-7.84552e+1153 7.84552e+1153 7.84552e+1153 3.79843e+006  
2.49736e+1155 -2.49736e+1155 -2.49736e+1155 3.79843e+006  
-7.94952e+1156 7.94952e+1156 7.94952e+1156 3.79843e+006  
2.53047e+1158 -2.53047e+1158 -2.53047e+1158 3.79843e+006  
-8.05489e+1159 8.05489e+1159 8.05489e+1159 3.79843e+006  
2.56401e+1161 -2.56401e+1161 -2.56401e+1161 3.79843e+006  
-8.16167e+1162 8.16167e+1162 8.16167e+1162 3.79843e+006  
2.598e+1164 -2.598e+1164 -2.598e+1164 3.79843e+006  
-8.26986e+1165 8.26986e+1165 8.26986e+1165 3.79843e+006  
2.63243e+1167 -2.63243e+1167 -2.63243e+1167 3.79843e+006  
-8.37948e+1168 8.37948e+1168 8.37948e+1168 3.79843e+006  
2.66733e+1170 -2.66733e+1170 -2.66733e+1170 3.79843e+006  
-8.49055e+1171 8.49055e+1171 8.49055e+1171 3.79843e+006  
2.70269e+1173 -2.70269e+1173 -2.70269e+1173 3.79843e+006  
-8.6031e+1174 8.6031e+1174 8.6031e+1174 3.79843e+006  
2.73851e+1176 -2.73851e+1176 -2.73851e+1176 3.79843e+006  
-8.71714e+1177 8.71714e+1177 8.71714e+1177 3.79843e+006  
2.77481e+1179 -2.77481e+1179 -2.77481e+1179 3.79843e+006  
-8.83269e+1180 8.83269e+1180 8.83269e+1180 3.79843e+006  
2.81159e+1182 -2.81159e+1182 -2.81159e+1182 3.79843e+006  
-8.94977e+1183 8.94977e+1183 8.94977e+1183 3.79843e+006  
2.84886e+1185 -2.84886e+1185 -2.84886e+1185 3.79843e+006  
-9.06841e+1186 9.06841e+1186 9.06841e+1186 3.79843e+006  
2.88663e+1188 -2.88663e+1188 -2.88663e+1188 3.79843e+006  
-9.18862e+1189 9.18862e+1189 9.18862e+1189 3.79843e+006  
2.92489e+1191 -2.92489e+1191 -2.92489e+1191 3.79843e+006  
-9.31042e+1192 9.31042e+1192 9.31042e+1192 3.79843e+006  
2.96366e+1194 -2.96366e+1194 -2.96366e+1194 3.79843e+006  
-9.43383e+1195 9.43383e+1195 9.43383e+1195 3.79843e+006  
3.00295e+1197 -3.00295e+1197 -3.00295e+1197 3.79843e+006  
-9.55888e+1198 9.55888e+1198 9.55888e+1198 3.79843e+006  
3.04275e+1200 -3.04275e+1200 -3.04275e+1200 3.79843e+006  
-9.68559e+1201 9.68559e+1201 9.68559e+1201 3.79843e+006  
3.08309e+1203 -3.08309e+1203 -3.08309e+1203 3.79843e+006  
-9.81398e+1204 9.81398e+1204 9.81398e+1204 3.79843e+006  
3.12395e+1206 -3.12395e+1206 -3.12395e+1206 3.79843e+006  
-9.94407e+1207 9.94407e+1207 9.94407e+1207 3.79843e+006  
3.16536e+1209 -3.16536e+1209 -3.16536e+1209 3.79843e+006  
-1.00759e+1211 1.00759e+1211 1.00759e+1211 3.79843e+006  
3.20732e+1212 -3.20732e+1212 -3.20732e+1212 3.79843e+006  
-1.02094e+1214 1.02094e+1214 1.02094e+1214 3.79843e+006  
3.24984e+1215 -3.24984e+1215 -3.24984e+1215 3.79843e+006  
-1.03448e+1217 1.03448e+1217 1.03448e+1217 3.79843e+006  
3.29292e+1218 -3.29292e+1218 -3.29292e+1218 3.79843e+006  
-1.04819e+1220 1.04819e+1220 1.04819e+1220 3.79843e+006  
3.33657e+1221 -3.33657e+1221 -3.33657e+1221 3.79843e+006  
-1.06209e+1223 1.06209e+1223 1.06209e+1223 3.79843e+006  
3.3808e+1224 -3.3808e+1224 -3.3808e+1224 3.79843e+006  
-1.07616e+1226 1.07616e+1226 1.07616e+1226 3.79843e+006  
3.42561e+1227 -3.42561e+1227 -3.42561e+1227 3.79843e+006  
-1.09043e+1229 1.09043e+1229 1.09043e+1229 3.79843e+006  
3.47102e+1230 -3.47102e+1230 -3.47102e+1230 3.79843e+006  
-1.10488e+1232 1.10488e+1232 1.10488e+1232 3.79843e+006  
3.51703e+1233 -3.51703e+1233 -3.51703e+1233 3.79843e+006  
-1.11953e+1235 1.11953e+1235 1.11953e+1235 3.79843e+006  
3.56365e+1236 -3.56365e+1236 -3.56365e+1236 3.79843e+006  
-1.13437e+1238 1.13437e+1238 1.13437e+1238 3.79843e+006  
3.61089e+1239 -3.61089e+1239 -3.61089e+1239 3.79843e+006  
-1.14941e+1241 1.14941e+1241 1.14941e+1241 3.79843e+006  
3.65875e+1242 -3.65875e+1242 -3.65875e+1242 3.79843e+006  
-1.16464e+1244 1.16464e+1244 1.16464e+1244 3.79843e+006  
3.70725e+1245 -3.70725e+1245 -3.70725e+1245 3.79843e+006  
-1.18008e+1247 1.18008e+1247 1.18008e+1247 3.79843e+006  
3.75639e+1248 -3.75639e+1248 -3.75639e+1248 3.79843e+006  
-1.19572e+1250 1.19572e+1250 1.19572e+1250 3.79843e+006  
3.80619e+1251 -3.80619e+1251 -3.80619e+1251 3.79843e+006  
-1.21157e+1253 1.21157e+1253 1.21157e+1253 3.79843e+006  
3.85664e+1254 -3.85664e+1254 -3.85664e+1254 3.79843e+006  
-1.22763e+1256 1.22763e+1256 1.22763e+1256 3.79843e+006  
3.90776e+1257 -3.90776e+1257 -3.90776e+1257 3.79843e+006  
-1.24391e+1259 1.24391e+1259 1.24391e+1259 3.79843e+006  
3.95956e+1260 -3.95956e+1260 -3.95956e+1260 3.79843e+006  
-1.2604e+1262 1.2604e+1262 1.2604e+1262 3.79843e+006  
4.01205e+1263 -4.01205e+1263 -4.01205e+1263 3.79843e+006  
-1.2771e+1265 1.2771e+1265 1.2771e+1265 3.79843e+006  
4.06523e+1266 -4.06523e+1266 -4.06523e+1266 3.79843e+006  
-1.29403e+1268 1.29403e+1268 1.29403e+1268 3.79843e+006  
4.11912e+1269 -4.11912e+1269 -4.11912e+1269 3.79843e+006  
-1.31118e+1271 1.31118e+1271 1.31118e+1271 3.79843e+006  
4.17372e+1272 -4.17372e+1272 -4.17372e+1272 3.79843e+006  
-1.32856e+1274 1.32856e+1274 1.32856e+1274 3.79843e+006  
4.22904e+1275 -4.22904e+1275 -4.22904e+1275 3.79843e+006  
-1.34618e+1277 1.34618e+1277 1.34618e+1277 3.79843e+006  
4.2851e+1278 -4.2851e+1278 -4.2851e+1278 3.79843e+006  
-1.36402e+1280 1.36402e+1280 1.36402e+1280 3.79843e+006  
4.34191e+1281 -4.34191e+1281 -4.34191e+1281 3.79843e+006  
-1.3821e+1283 1.3821e+1283 1.3821e+1283 3.79843e+006  
4.39946e+1284 -4.39946e+1284 -4.39946e+1284 3.79843e+006  
-1.40042e+1286 1.40042e+1286 1.40042e+1286 3.79843e+006  
4.45778e+1287 -4.45778e+1287 -4.45778e+1287 3.79843e+006  
-1.41899e+1289 1.41899e+1289 1.41899e+1289 3.79843e+006  
4.51687e+1290 -4.51687e+1290 -4.51687e+1290 3.79843e+006  
-1.43779e+1292 1.43779e+1292 1.43779e+1292 3.79843e+006  
4.57674e+1293 -4.57674e+1293 -4.57674e+1293 3.79843e+006  
-1.45685e+1295 1.45685e+1295 1.45685e+1295 3.79843e+006  
4.63741e+1296 -4.63741e+1296 -4.63741e+1296 3.79843e+006  
-1.47617e+1298 1.47617e+1298 1.47617e+1298 3.79843e+006  
4.69888e+1299 -4.69888e+1299 -4.69888e+1299 3.79843e+006  
-1.49573e+1301 1.49573e+1301 1.49573e+1301 3.79843e+006  
4.76117e+1302 -4.76117e+1302 -4.76117e+1302 3.79843e+006  
-1.51556e+1304 1.51556e+1304 1.51556e+1304 3.79843e+006  
4.82428e+1305 -4.82428e+1305 -4.82428e+1305 3.79843e+006  
-1.53565e+1307 1.53565e+1307 1.53565e+1307 3.79843e+006  
4.88823e+1308 -4.88823e+1308 -4.88823e+1308 3.79843e+006  
-1.55601e+1310 1.55601e+1310 1.55601e+1310 3.79843e+006  
4.95303e+1311 -4.95303e+1311 -4.95303e+1311 3.79843e+006  
-1.57663e+1313 1.57663e+1313 1.57663e+1313 3.79843e+006  
5.01868e+1314 -5.01868e+1314 -5.01868e+1314 3.79843e+006  
-1.59753e+1316 1.59753e+1316 1.59753e+1316 3.79843e+006  
5.08521e+1317 -5.08521e+1317 -5.08521e+1317 3.79843e+006  
-1.61871e+1319 1.61871e+1319 1.61871e+1319 3.79843e+006  
5.15261e+1320 -5.15261e+1320 -5.15261e+1320 3.79843e+006  
-1.64016e+1322 1.64016e+1322 1.64016e+1322 3.79843e+006  
5.22092e+1323 -5.22092e+1323 -5.22092e+1323 3.79843e+006  
-1.66191e+1325 1.66191e+1325 1.66191e+1325 3.79843e+006  
5.29012e+1326 -5.29012e+1326 -5.29012e+1326 3.79843e+006  
-1.68393e+1328 1.68393e+1328 1.68393e+1328 3.79843e+006  
5.36025e+1329 -5.36025e+1329 -5.36025e+1329 3.79843e+006  
-1.70626e+1331 1.70626e+1331 1.70626e+1331 3.79843e+006  
5.4313e+1332 -5.4313e+1332 -5.4313e+1332 3.79843e+006  
-1.72887e+1334 1.72887e+1334 1.72887e+1334 3.79843e+006  
5.50329e+1335 -5.50329e+1335 -5.50329e+1335 3.79843e+006  
-1.75179e+1337 1.75179e+1337 1.75179e+1337 3.79843e+006  
5.57624e+1338 -5.57624e+1338 -5.57624e+1338 3.79843e+006  
-1.77501e+1340 1.77501e+1340 1.77501e+1340 3.79843e+006  
5.65016e+1341 -5.65016e+1341 -5.65016e+1341 3.79843e+006  
-1.79854e+1343 1.79854e+1343 1.79854e+1343 3.79843e+006  
5.72506e+1344 -5.72506e+1344 -5.72506e+1344 3.79843e+006  
-1.82238e+1346 1.82238e+1346 1.82238e+1346 3.79843e+006  
5.80095e+1347 -5.80095e+1347 -5.80095e+1347 3.79843e+006  
-1.84654e+1349 1.84654e+1349 1.84654e+1349 3.79843e+006  
5.87784e+1350 -5.87784e+1350 -5.87784e+1350 3.79843e+006  
-1.87102e+1352 1.87102e+1352 1.87102e+1352 3.79843e+006  
5.95576e+1353 -5.95576e+1353 -5.95576e+1353 3.79843e+006  
-1.89582e+1355 1.89582e+1355 1.89582e+1355 3.79843e+006  
6.0347e+1356 -6.0347e+1356 -6.0347e+1356 3.79843e+006  
-1.92095e+1358 1.92095e+1358 1.92095e+1358 3.79843e+006  
6.1147e+1359 -6.1147e+1359 -6.1147e+1359 3.79843e+006  
-1.94641e+1361 1.94641e+1361 1.94641e+1361 3.79843e+006  
6.19575e+1362 -6.19575e+1362 -6.19575e+1362 3.79843e+006  
-1.97221e+1364 1.97221e+1364 1.97221e+1364 3.79843e+006  
6.27788e+1365 -6.27788e+1365 -6.27788e+1365 3.79843e+006  
-1.99835e+1367 1.99835e+1367 1.99835e+1367 3.79843e+006  
6.3611e+1368 -6.3611e+1368 -6.3611e+1368 3.79843e+006  
-2.02484e+1370 2.02484e+1370 2.02484e+1370 3.79843e+006  
6.44542e+1371 -6.44542e+1371 -6.44542e+1371 3.79843e+006  
-2.05168e+1373 2.05168e+1373 2.05168e+1373 3.79843e+006  
6.53086e+1374 -6.53086e+1374 -6.53086e+1374 3.79843e+006  
-2.07888e+1376 2.07888e+1376 2.07888e+1376 3.79843e+006  
6.61743e+1377 -6.61743e+1377 -6.61743e+1377 3.79843e+006  
-2.10644e+1379 2.10644e+1379 2.10644e+1379 3.79843e+006  
6.70514e+1380 -6.70514e+1380 -6.70514e+1380 3.79843e+006  
-2.13436e+1382 2.13436e+1382 2.13436e+1382 3.79843e+006  
6.79403e+1383 -6.79403e+1383 -6.79403e+1383 3.79843e+006  
-2.16265e+1385 2.16265e+1385 2.16265e+1385 3.79843e+006  
6.88408e+1386 -6.88408e+1386 -6.88408e+1386 3.79843e+006  
-2.19132e+1388 2.19132e+1388 2.19132e+1388 3.79843e+006  
6.97534e+1389 -6.97534e+1389 -6.97534e+1389 3.79843e+006  
-2.22037e+1391 2.22037e+1391 2.22037e+1391 3.79843e+006  
7.0678e+1392 -7.0678e+1392 -7.0678e+1392 3.79843e+006  
-2.2498e+1394 2.2498e+1394 2.2498e+1394 3.79843e+006  
7.16149e+1395 -7.16149e+1395 -7.16149e+1395 3.79843e+006  
-2.27962e+1397 2.27962e+1397 2.27962e+1397 3.79843e+006  
7.25642e+1398 -7.25642e+1398 -7.25642e+1398 3.79843e+006  
-2.30984e+1400 2.30984e+1400 2.30984e+1400 3.79843e+006  
7.35261e+1401 -7.35261e+1401 -7.35261e+1401 3.79843e+006  
-2.34046e+1403 2.34046e+1403 2.34046e+1403 3.79843e+006  
7.45007e+1404 -7.45007e+1404 -7.45007e+1404 3.79843e+006  
-2.37148e+1406 2.37148e+1406 2.37148e+1406 3.79843e+006  
7.54883e+1407 -7.54883e+1407 -7.54883e+1407 3.79843e+006  
-2.40292e+1409 2.40292e+1409 2.40292e+1409 3.79843e+006  
7.64889e+1410 -7.64889e+1410 -7.64889e+1410 3.79843e+006  
-2.43477e+1412 2.43477e+1412 2.43477e+1412 3.79843e+006  
7.75028e+1413 -7.75028e+1413 -7.75028e+1413 3.79843e+006  
-2.46704e+1415 2.46704e+1415 2.46704e+1415 3.79843e+006  
7.85302e+1416 -7.85302e+1416 -7.85302e+1416 3.79843e+006  
-2.49975e+1418 2.49975e+1418 2.49975e+1418 3.79843e+006  
7.95711e+1419 -7.95711e+1419 -7.95711e+1419 3.79843e+006  
-2.53288e+1421 2.53288e+1421 2.53288e+1421 3.79843e+006  
8.06259e+1422 -8.06259e+1422 -8.06259e+1422 3.79843e+006  
-2.56646e+1424 2.56646e+1424 2.56646e+1424 3.79843e+006  
8.16946e+1425 -8.16946e+1425 -8.16946e+1425 3.79843e+006  
-2.60048e+1427 2.60048e+1427 2.60048e+1427 3.79843e+006  
8.27775e+1428 -8.27775e+1428 -8.27775e+1428 3.79843e+006  
-2.63495e+1430 2.63495e+1430 2.63495e+1430 3.79843e+006  
8.38748e+1431 -8.38748e+1431 -8.38748e+1431 3.79843e+006  
-2.66988e+1433 2.66988e+1433 2.66988e+1433 3.79843e+006  
8.49866e+1434 -8.49866e+1434 -8.49866e+1434 3.79843e+006  
-2.70527e+1436 2.70527e+1436 2.70527e+1436 3.79843e+006  
8.61132e+1437 -8.61132e+1437 -8.61132e+1437 3.79843e+006  
-2.74113e+1439 2.74113e+1439 2.74113e+1439 3.79843e+006  
8.72547e+1440 -8.72547e+1440 -8.72547e+1440 3.79843e+006  
-2.77746e+1442 2.77746e+1442 2.77746e+1442 3.79843e+006  
8.84113e+1443 -8.84113e+1443 -8.84113e+1443 3.79843e+006  
-2.81428e+1445 2.81428e+1445 2.81428e+1445 3.79843e+006  
8.95832e+1446 -8.95832e+1446 -8.95832e+1446 3.79843e+006  
-2.85158e+1448 2.85158e+1448 2.85158e+1448 3.79843e+006  
9.07707e+1449 -9.07707e+1449 -9.07707e+1449 3.79843e+006  
-2.88938e+1451 2.88938e+1451 2.88938e+1451 3.79843e+006  
9.19739e+1452 -9.19739e+1452 -9.19739e+1452 3.79843e+006  
-2.92768e+1454 2.92768e+1454 2.92768e+1454 3.79843e+006  
9.31931e+1455 -9.31931e+1455 -9.31931e+1455 3.79843e+006  
-2.96649e+1457 2.96649e+1457 2.96649e+1457 3.79843e+006  
9.44284e+1458 -9.44284e+1458 -9.44284e+1458 3.79843e+006  
-3.00582e+1460 3.00582e+1460 3.00582e+1460 3.79843e+006  
9.56801e+1461 -9.56801e+1461 -9.56801e+1461 3.79843e+006  
-3.04566e+1463 3.04566e+1463 3.04566e+1463 3.79843e+006  
9.69484e+1464 -9.69484e+1464 -9.69484e+1464 3.79843e+006  
-3.08603e+1466 3.08603e+1466 3.08603e+1466 3.79843e+006  
9.82336e+1467 -9.82336e+1467 -9.82336e+1467 3.79843e+006  
-3.12694e+1469 3.12694e+1469 3.12694e+1469 3.79843e+006  
9.95357e+1470 -9.95357e+1470 -9.95357e+1470 3.79843e+006  
-3.16839e+1472 3.16839e+1472 3.16839e+1472 3.79843e+006  
1.00855e+1474 -1.00855e+1474 -1.00855e+1474 3.79843e+006  
-3.21039e+1475 3.21039e+1475 3.21039e+1475 3.79843e+006  
1.02192e+1477 -1.02192e+1477 -1.02192e+1477 3.79843e+006  
-3.25294e+1478 3.25294e+1478 3.25294e+1478 3.79843e+006  
1.03547e+1480 -1.03547e+1480 -1.03547e+1480 3.79843e+006  
-3.29606e+1481 3.29606e+1481 3.29606e+1481 3.79843e+006  
1.04919e+1483 -1.04919e+1483 -1.04919e+1483 3.79843e+006  
-3.33975e+1484 3.33975e+1484 3.33975e+1484 3.79843e+006  
1.0631e+1486 -1.0631e+1486 -1.0631e+1486 3.79843e+006  
-3.38402e+1487 3.38402e+1487 3.38402e+1487 3.79843e+006  
1.07719e+1489 -1.07719e+1489 -1.07719e+1489 3.79843e+006  
-3.42888e+1490 3.42888e+1490 3.42888e+1490 3.79843e+006  
1.09147e+1492 -1.09147e+1492 -1.09147e+1492 3.79843e+006  
-3.47433e+1493 3.47433e+1493 3.47433e+1493 3.79843e+006  
1.10594e+1495 -1.10594e+1495 -1.10594e+1495 3.79843e+006  
-3.52039e+1496 3.52039e+1496 3.52039e+1496 3.79843e+006  
1.1206e+1498 -1.1206e+1498 -1.1206e+1498 3.79843e+006  
-3.56705e+1499 3.56705e+1499 3.56705e+1499 3.79843e+006  
1.13545e+1501 -1.13545e+1501 -1.13545e+1501 3.79843e+006  
-3.61434e+1502 3.61434e+1502 3.61434e+1502 3.79843e+006  
1.1505e+1504 -1.1505e+1504 -1.1505e+1504 3.79843e+006  
-3.66225e+1505 3.66225e+1505 3.66225e+1505 3.79843e+006  
1.16575e+1507 -1.16575e+1507 -1.16575e+1507 3.79843e+006  
-3.71079e+1508 3.71079e+1508 3.71079e+1508 3.79843e+006  
1.18121e+1510 -1.18121e+1510 -1.18121e+1510 3.79843e+006  
-3.75998e+1511 3.75998e+1511 3.75998e+1511 3.79843e+006  
1.19687e+1513 -1.19687e+1513 -1.19687e+1513 3.79843e+006  
-3.80982e+1514 3.80982e+1514 3.80982e+1514 3.79843e+006  
1.21273e+1516 -1.21273e+1516 -1.21273e+1516 3.79843e+006  
-3.86032e+1517 3.86032e+1517 3.86032e+1517 3.79843e+006  
1.22881e+1519 -1.22881e+1519 -1.22881e+1519 3.79843e+006  
-3.91149e+1520 3.91149e+1520 3.91149e+1520 3.79843e+006  
1.24509e+1522 -1.24509e+1522 -1.24509e+1522 3.79843e+006  
-3.96334e+1523 3.96334e+1523 3.96334e+1523 3.79843e+006  
1.2616e+1525 -1.2616e+1525 -1.2616e+1525 3.79843e+006  
-4.01588e+1526 4.01588e+1526 4.01588e+1526 3.79843e+006  
1.27832e+1528 -1.27832e+1528 -1.27832e+1528 3.79843e+006  
-4.06911e+1529 4.06911e+1529 4.06911e+1529 3.79843e+006  
1.29527e+1531 -1.29527e+1531 -1.29527e+1531 3.79843e+006  
-4.12305e+1532 4.12305e+1532 4.12305e+1532 3.79843e+006  
1.31244e+1534 -1.31244e+1534 -1.31244e+1534 3.79843e+006  
-4.17771e+1535 4.17771e+1535 4.17771e+1535 3.79843e+006  
1.32983e+1537 -1.32983e+1537 -1.32983e+1537 3.79843e+006  
-4.23308e+1538 4.23308e+1538 4.23308e+1538 3.79843e+006  
1.34746e+1540 -1.34746e+1540 -1.34746e+1540 3.79843e+006  
-4.2892e+1541 4.2892e+1541 4.2892e+1541 3.79843e+006  
1.36532e+1543 -1.36532e+1543 -1.36532e+1543 3.79843e+006  
-4.34605e+1544 4.34605e+1544 4.34605e+1544 3.79843e+006  
1.38342e+1546 -1.38342e+1546 -1.38342e+1546 3.79843e+006  
-4.40366e+1547 4.40366e+1547 4.40366e+1547 3.79843e+006  
1.40176e+1549 -1.40176e+1549 -1.40176e+1549 3.79843e+006  
-4.46204e+1550 4.46204e+1550 4.46204e+1550 3.79843e+006  
1.42034e+1552 -1.42034e+1552 -1.42034e+1552 3.79843e+006  
-4.52118e+1553 4.52118e+1553 4.52118e+1553 3.79843e+006  
1.43917e+1555 -1.43917e+1555 -1.43917e+1555 3.79843e+006  
-4.58111e+1556 4.58111e+1556 4.58111e+1556 3.79843e+006  
1.45825e+1558 -1.45825e+1558 -1.45825e+1558 3.79843e+006  
-4.64184e+1559 4.64184e+1559 4.64184e+1559 3.79843e+006  
1.47758e+1561 -1.47758e+1561 -1.47758e+1561 3.79843e+006  
-4.70337e+1562 4.70337e+1562 4.70337e+1562 3.79843e+006  
1.49716e+1564 -1.49716e+1564 -1.49716e+1564 3.79843e+006  
-4.76572e+1565 4.76572e+1565 4.76572e+1565 3.79843e+006  
1.51701e+1567 -1.51701e+1567 -1.51701e+1567 3.79843e+006  
-4.82889e+1568 4.82889e+1568 4.82889e+1568 3.79843e+006  
1.53712e+1570 -1.53712e+1570 -1.53712e+1570 3.79843e+006  
-4.8929e+1571 4.8929e+1571 4.8929e+1571 3.79843e+006  
1.55749e+1573 -1.55749e+1573 -1.55749e+1573 3.79843e+006  
-4.95776e+1574 4.95776e+1574 4.95776e+1574 3.79843e+006  
1.57814e+1576 -1.57814e+1576 -1.57814e+1576 3.79843e+006  
-5.02347e+1577 5.02347e+1577 5.02347e+1577 3.79843e+006  
1.59906e+1579 -1.59906e+1579 -1.59906e+1579 3.79843e+006  
-5.09006e+1580 5.09006e+1580 5.09006e+1580 3.79843e+006  
1.62025e+1582 -1.62025e+1582 -1.62025e+1582 3.79843e+006  
-5.15754e+1583 5.15754e+1583 5.15754e+1583 3.79843e+006  
1.64173e+1585 -1.64173e+1585 -1.64173e+1585 3.79843e+006  
-5.2259e+1586 5.2259e+1586 5.2259e+1586 3.79843e+006  
1.66349e+1588 -1.66349e+1588 -1.66349e+1588 3.79843e+006  
-5.29517e+1589 5.29517e+1589 5.29517e+1589 3.79843e+006  
1.68554e+1591 -1.68554e+1591 -1.68554e+1591 3.79843e+006  
-5.36537e+1592 5.36537e+1592 5.36537e+1592 3.79843e+006  
1.70789e+1594 -1.70789e+1594 -1.70789e+1594 3.79843e+006  
-5.43649e+1595 5.43649e+1595 5.43649e+1595 3.79843e+006  
1.73052e+1597 -1.73052e+1597 -1.73052e+1597 3.79843e+006  
-5.50855e+1598 5.50855e+1598 5.50855e+1598 3.79843e+006  
1.75346e+1600 -1.75346e+1600 -1.75346e+1600 3.79843e+006  
-5.58157e+1601 5.58157e+1601 5.58157e+1601 3.79843e+006  
1.77671e+1603 -1.77671e+1603 -1.77671e+1603 3.79843e+006  
-5.65556e+1604 5.65556e+1604 5.65556e+1604 3.79843e+006  
1.80026e+1606 -1.80026e+1606 -1.80026e+1606 3.79843e+006  
-5.73053e+1607 5.73053e+1607 5.73053e+1607 3.79843e+006  
1.82412e+1609 -1.82412e+1609 -1.82412e+1609 3.79843e+006  
-5.80649e+1610 5.80649e+1610 5.80649e+1610 3.79843e+006  
1.8483e+1612 -1.8483e+1612 -1.8483e+1612 3.79843e+006  
-5.88346e+1613 5.88346e+1613 5.88346e+1613 3.79843e+006  
1.8728e+1615 -1.8728e+1615 -1.8728e+1615 3.79843e+006  
-5.96144e+1616 5.96144e+1616 5.96144e+1616 3.79843e+006  
1.89763e+1618 -1.89763e+1618 -1.89763e+1618 3.79843e+006  
-6.04047e+1619 6.04047e+1619 6.04047e+1619 3.79843e+006  
1.92278e+1621 -1.92278e+1621 -1.92278e+1621 3.79843e+006  
-6.12054e+1622 6.12054e+1622 6.12054e+1622 3.79843e+006  
1.94827e+1624 -1.94827e+1624 -1.94827e+1624 3.79843e+006  
-6.20167e+1625 6.20167e+1625 6.20167e+1625 3.79843e+006  
1.9741e+1627 -1.9741e+1627 -1.9741e+1627 3.79843e+006  
-6.28388e+1628 6.28388e+1628 6.28388e+1628 3.79843e+006  
2.00026e+1630 -2.00026e+1630 -2.00026e+1630 3.79843e+006  
-6.36717e+1631 6.36717e+1631 6.36717e+1631 3.79843e+006  
2.02678e+1633 -2.02678e+1633 -2.02678e+1633 3.79843e+006  
-6.45157e+1634 6.45157e+1634 6.45157e+1634 3.79843e+006  
2.05364e+1636 -2.05364e+1636 -2.05364e+1636 3.79843e+006  
-6.53709e+1637 6.53709e+1637 6.53709e+1637 3.79843e+006  
2.08087e+1639 -2.08087e+1639 -2.08087e+1639 3.79843e+006  
-6.62375e+1640 6.62375e+1640 6.62375e+1640 3.79843e+006  
2.10845e+1642 -2.10845e+1642 -2.10845e+1642 3.79843e+006  
-6.71155e+1643 6.71155e+1643 6.71155e+1643 3.79843e+006  
2.1364e+1645 -2.1364e+1645 -2.1364e+1645 3.79843e+006  
-6.80051e+1646 6.80051e+1646 6.80051e+1646 3.79843e+006  
2.16472e+1648 -2.16472e+1648 -2.16472e+1648 3.79843e+006  
