1 0 0 0  
1.00041 71.5866 143.174 -143.174  
1.00082 143.203 286.406 -286.407  
1.00123 214.848 429.697 -429.698  
1.00164 286.522 573.047 -573.048  
1.00205 358.226 716.455 -716.457  
1.00246 429.96 859.922 -859.924  
1.00287 501.722 1003.45 -1003.45  
1.00328 573.514 1147.03 -1147.03  
1.00369 645.335 1290.67 -1290.68  
1.0041 717.186 1434.38 -1434.38  
1.00451 789.066 1578.14 -1578.14  
1.00492 860.975 1721.96 -1721.96  
1.00533 932.914 1865.83 -1865.84  
1.00574 1004.88 2009.77 -2009.77  
1.00615 1076.88 2153.76 -2153.77  
1.00656 1148.91 2297.82 -2297.82  
1.00697 1220.96 2441.93 -2441.94  
1.00738 1293.05 2586.1 -2586.11  
1.00779 1365.16 2730.33 -2730.34  
1.0082 1437.31 2874.62 -2874.63  
1.00861 1509.48 3018.97 -3018.97  
1.00902 1581.68 3163.37 -3163.38  
1.00943 1653.91 3307.83 -3307.84  
1.00984 1726.17 3452.36 -3452.37  
1.01024 1798.46 3596.94 -3596.95  
1.01065 1870.78 3741.58 -3741.59  
1.01106 1943.13 3886.28 -3886.29  
1.01147 2015.51 4031.04 -4031.05  
1.01188 2087.92 4175.85 -4175.86  
1.01229 2160.36 4320.73 -4320.74  
1.0127 2232.82 4465.66 -4465.67  
1.01311 2305.32 4610.65 -4610.66  
1.01352 2377.84 4755.7 -4755.72  
1.01393 2450.4 4900.81 -4900.83  
1.01434 2522.98 5045.98 -5045.99  
1.01475 2595.6 5191.21 -5191.22  
1.01516 2668.24 5336.49 -5336.51  
1.01557 2740.91 5481.84 -5481.85  
1.01598 2813.61 5627.24 -5627.25  
1.01639 2886.34 5772.7 -5772.72  
1.0168 2959.1 5918.22 -5918.24  
1.01721 3031.89 6063.8 -6063.82  
1.01762 3104.71 6209.44 -6209.45  
1.01803 3177.56 6355.13 -6355.15  
1.01844 3250.43 6500.89 -6500.91  
1.01885 3323.34 6646.7 -6646.72  
1.01926 3396.28 6792.57 -6792.59  
1.01967 3469.24 6938.5 -6938.52  
1.02008 3542.24 7084.49 -7084.51  
1.02049 3615.26 7230.54 -7230.56  
1.0209 3688.31 7376.65 -7376.67  
1.02131 3761.4 7522.81 -7522.83  
1.02172 3834.51 7669.04 -7669.06  
1.02213 3907.65 7815.32 -7815.34  
1.02254 3980.82 7961.66 -7961.68  
1.02295 4054.02 8108.06 -8108.08  
1.02336 4127.25 8254.52 -8254.54  
1.02377 4200.51 8401.04 -8401.06  
1.02418 4273.79 8547.61 -8547.64  
1.02459 4347.11 8694.25 -8694.27  
1.025 4420.46 8840.94 -8840.96  
1.02541 4493.83 8987.69 -8987.72  
1.02582 4567.24 9134.5 -9134.53  
1.02623 4640.67 9281.37 -9281.4  
1.02664 4714.14 9428.3 -9428.32  
1.02705 4787.63 9575.28 -9575.31  
1.02746 4861.15 9722.33 -9722.36  
1.02787 4934.7 9869.43 -9869.46  
1.02828 5008.28 10016.6 -10016.6  
1.02869 5081.89 10163.8 -10163.8  
1.0291 5155.53 10311.1 -10311.1  
1.02951 5229.2 10458.4 -10458.5  
1.02991 5302.9 10605.8 -10605.9  
1.03032 5376.63 10753.3 -10753.3  
1.03073 5450.39 10900.8 -10900.8  
1.03114 5524.17 11048.4 -11048.4  
1.03155 5597.99 11196 -11196  
1.03196 5671.83 11343.7 -11343.7  
1.03237 5745.71 11491.4 -11491.5  
1.03278 5819.61 11639.3 -11639.3  
1.03319 5893.54 11787.1 -11787.2  
1.0336 5967.51 11935 -11935.1  
1.03401 6041.5 12083 -12083.1  
1.03442 6115.52 12231.1 -12231.1  
1.03483 6189.57 12379.2 -12379.2  
1.03524 6263.65 12527.3 -12527.4  
1.03565 6337.76 12675.6 -12675.6  
1.03606 6411.9 12823.8 -12823.9  
1.03647 6486.06 12972.2 -12972.2  
1.03688 6560.26 13120.6 -13120.6  
1.03729 6634.49 13269 -13269  
1.0377 6708.74 13417.5 -13417.6  
1.03811 6783.03 13566.1 -13566.1  
1.03852 6857.34 13714.7 -13714.8  
1.03893 6931.69 13863.4 -13863.4  
1.03934 7006.06 14012.2 -14012.2  
1.03975 7080.46 14161 -14161  
1.04016 7154.89 14309.8 -14309.9  
1.04057 7229.35 14458.7 -14458.8  
1.04098 7303.84 14607.7 -14607.8  
1.04139 7378.36 14756.8 -14756.8  
1.0418 7452.91 14905.9 -14905.9  
1.04221 7527.49 15055 -15055.1  
1.04262 7602.1 15204.2 -15204.3  
1.04303 7676.73 15353.5 -15353.6  
1.04344 7751.4 15502.8 -15502.9  
1.04385 7826.1 15652.2 -15652.3  
1.04426 7900.82 15801.7 -15801.7  
1.04467 7975.58 15951.2 -15951.2  
1.04508 8050.36 16100.8 -16100.8  
1.04549 8125.17 16250.4 -16250.4  
1.0459 8200.01 16400.1 -16400.1  
1.04631 8274.89 16549.8 -16549.9  
1.04672 8349.79 16699.6 -16699.7  
1.04713 8424.72 16849.5 -16849.5  
1.04754 8499.68 16999.4 -16999.4  
1.04795 8574.66 17149.4 -17149.4  
1.04836 8649.68 17299.4 -17299.5  
1.04877 8724.73 17449.5 -17449.6  
1.04918 8799.81 17599.7 -17599.7  
1.04958 8874.91 17749.9 -17749.9  
1.04999 8950.05 17900.1 -17900.2  
1.0504 9025.21 18050.5 -18050.5  
1.05081 9100.41 18200.9 -18200.9  
1.05122 9175.63 18351.3 -18351.4  
1.05163 9250.88 18501.8 -18501.9  
1.05204 9326.17 18652.4 -18652.4  
1.05245 9401.48 18803 -18803.1  
1.05286 9476.82 18953.7 -18953.7  
1.05327 9552.19 19104.4 -19104.5  
1.05368 9627.59 19255.2 -19255.3  
1.05409 9703.02 19406.1 -19406.1  
1.0545 9778.47 19557 -19557.1  
1.05491 9853.96 19708 -19708  
1.05532 9929.48 19859 -19859.1  
1.05573 10005 20010.1 -20010.2  
1.05614 10080.6 20161.3 -20161.3  
1.05655 10156.2 20312.5 -20312.5  
1.05696 10231.8 20463.7 -20463.8  
1.05737 10307.5 20615.1 -20615.1  
1.05778 10383.2 20766.4 -20766.5  
1.05819 10458.9 20917.9 -20918  
1.0586 10534.7 21069.4 -21069.5  
1.05901 10610.4 21221 -21221  
1.05942 10686.3 21372.6 -21372.6  
1.05983 10762.1 21524.3 -21524.3  
1.06024 10838 21676 -21676.1  
1.06065 10913.9 21827.8 -21827.9  
1.06106 10989.8 21979.6 -21979.7  
1.06147 11065.8 22131.6 -22131.6  
1.06188 11141.7 22283.5 -22283.6  
1.06229 11217.8 22435.6 -22435.6  
1.0627 11293.8 22587.7 -22587.7  
1.06311 11369.9 22739.8 -22739.9  
1.06352 11446 22892 -22892.1  
1.06393 11522.1 23044.3 -23044.3  
1.06434 11598.3 23196.6 -23196.7  
1.06475 11674.5 23349 -23349  
1.06516 11750.7 23501.4 -23501.5  
1.06557 11826.9 23653.9 -23654  
1.06598 11903.2 23806.5 -23806.6  
1.06639 11979.5 23959.1 -23959.2  
1.0668 12055.9 24111.8 -24111.8  
1.06721 12132.2 24264.5 -24264.6  
1.06762 12208.6 24417.3 -24417.4  
1.06803 12285 24570.2 -24570.2  
1.06844 12361.5 24723.1 -24723.1  
1.06884 12438 24876 -24876.1  
1.06925 12514.5 25029.1 -25029.1  
1.06966 12591 25182.2 -25182.2  
1.07007 12667.6 25335.3 -25335.4  
1.07048 12744.2 25488.5 -25488.6  
1.07089 12820.8 25641.8 -25641.8  
1.0713 12897.5 25795.1 -25795.2  
1.07171 12974.2 25948.5 -25948.5  
1.07212 13050.9 26101.9 -26102  
1.07253 13127.7 26255.4 -26255.5  
1.07294 13204.4 26409 -26409  
1.07335 13281.3 26562.6 -26562.7  
1.07376 13358.1 26716.3 -26716.3  
1.07417 13435 26870 -26870.1  
1.07458 13511.9 27023.8 -27023.9  
1.07499 13588.8 27177.6 -27177.7  
1.0754 13665.7 27331.5 -27331.6  
1.07581 13742.7 27485.5 -27485.6  
1.07622 13819.7 27639.5 -27639.6  
1.07663 13896.8 27793.6 -27793.7  
1.07704 13973.8 27947.8 -27947.8  
1.07745 14050.9 28102 -28102  
1.07786 14128.1 28256.2 -28256.3  
1.07827 14205.2 28410.5 -28410.6  
1.07868 14282.4 28564.9 -28565  
1.07909 14359.6 28719.3 -28719.4  
1.0795 14436.9 28873.8 -28873.9  
1.07991 14514.2 29028.4 -29028.5  
1.08032 14591.5 29183 -29183.1  
1.08073 14668.8 29337.7 -29337.8  
1.08114 14746.2 29492.4 -29492.5  
1.08155 14823.6 29647.2 -29647.3  
1.08196 14901 29802 -29802.1  
1.08237 14978.4 29956.9 -29957  
1.08278 15055.9 30111.9 -30112  
1.08319 15133.4 30266.9 -30267  
1.0836 15211 30422 -30422.1  
1.08401 15288.5 30577.2 -30577.2  
1.08442 15366.1 30732.4 -30732.4  
1.08483 15443.8 30887.6 -30887.7  
1.08524 15521.4 31042.9 -31043  
1.08565 15599.1 31198.3 -31198.4  
1.08606 15676.8 31353.7 -31353.8  
1.08647 15754.6 31509.2 -31509.3  
1.08688 15832.3 31664.8 -31664.9  
1.08729 15910.2 31820.4 -31820.5  
1.0877 15988 31976.1 -31976.1  
1.08811 16065.8 32131.8 -32131.9  
1.08851 16143.7 32287.6 -32287.7  
1.08892 16221.7 32443.4 -32443.5  
1.08933 16299.6 32599.3 -32599.4  
1.08974 16377.6 32755.3 -32755.4  
1.09015 16455.6 32911.3 -32911.4  
1.09056 16533.6 33067.4 -33067.5  
1.09097 16611.7 33223.5 -33223.6  
1.09138 16689.8 33379.7 -33379.8  
1.09179 16767.9 33536 -33536.1  
1.0922 16846.1 33692.3 -33692.4  
1.09261 16924.3 33848.6 -33848.7  
1.09302 17002.5 34005.1 -34005.2  
1.09343 17080.7 34161.6 -34161.7  
1.09384 17159 34318.1 -34318.2  
1.09425 17237.3 34474.7 -34474.8  
1.09466 17315.6 34631.4 -34631.5  
1.09507 17394 34788.1 -34788.2  
1.09548 17472.4 34944.9 -34945  
1.09589 17550.8 35101.7 -35101.8  
1.0963 17629.3 35258.6 -35258.7  
1.09671 17707.7 35415.6 -35415.7  
1.09712 17786.3 35572.6 -35572.7  
1.09753 17864.8 35729.7 -35729.8  
1.09794 17943.4 35886.8 -35886.9  
1.09835 18022 36044 -36044.1  
1.09876 18100.6 36201.3 -36201.4  
1.09917 18179.2 36358.6 -36358.7  
1.09958 18257.9 36515.9 -36516  
1.09999 18336.6 36673.4 -36673.5  
1.1004 18415.4 36830.9 -36831  
1.10081 18494.2 36988.4 -36988.5  
1.10122 18573 37146 -37146.1  
1.10163 18651.8 37303.7 -37303.8  
1.10204 18730.6 37461.4 -37461.5  
1.10245 18809.5 37619.2 -37619.3  
1.10286 18888.5 37777 -37777.1  
1.10327 18967.4 37934.9 -37935  
1.10368 19046.4 38092.9 -38093  
1.10409 19125.4 38250.9 -38251  
1.1045 19204.4 38409 -38409.1  
1.10491 19283.5 38567.1 -38567.2  
1.10532 19362.6 38725.3 -38725.4  
1.10573 19441.7 38883.5 -38883.6  
1.10614 19520.9 39041.8 -39041.9  
1.10655 19600 39200.2 -39200.3  
1.10696 19679.3 39358.6 -39358.7  
1.10737 19758.5 39517.1 -39517.2  
1.10777 19837.8 39675.6 -39675.8  
1.10818 19917.1 39834.2 -39834.4  
1.10859 19996.4 39992.9 -39993  
1.109 20075.8 40151.6 -40151.7  
1.10941 20155.1 40310.4 -40310.5  
1.10982 20234.6 40469.2 -40469.3  
1.11023 20314 40628.1 -40628.2  
1.11064 20393.5 40787.1 -40787.2  
1.11105 20473 40946.1 -40946.2  
1.11146 20552.5 41105.2 -41105.3  
1.11187 20632.1 41264.3 -41264.4  
1.11228 20711.7 41423.5 -41423.6  
1.11269 20791.3 41582.7 -41582.8  
1.1131 20871 41742 -41742.1  
1.11351 20950.6 41901.4 -41901.5  
1.11392 21030.4 42060.8 -42060.9  
1.11433 21110.1 42220.3 -42220.4  
1.11474 21189.9 42379.8 -42380  
1.11515 21269.7 42539.4 -42539.6  
1.11556 21349.5 42699.1 -42699.2  
1.11597 21429.3 42858.8 -42858.9  
1.11638 21509.2 43018.6 -43018.7  
1.11679 21589.2 43178.4 -43178.5  
1.1172 21669.1 43338.3 -43338.4  
1.11761 21749.1 43498.3 -43498.4  
1.11802 21829.1 43658.3 -43658.4  
1.11843 21909.1 43818.3 -43818.5  
1.11884 21989.2 43978.5 -43978.6  
1.11925 22069.3 44138.6 -44138.8  
1.11966 22149.4 44298.9 -44299  
1.12007 22229.5 44459.2 -44459.3  
1.12048 22309.7 44619.6 -44619.7  
1.12089 22389.9 44780 -44780.1  
1.1213 22470.2 44940.4 -44940.6  
1.12171 22550.4 45101 -45101.1  
1.12212 22630.7 45261.6 -45261.7  
1.12253 22711.1 45422.2 -45422.4  
1.12294 22791.4 45582.9 -45583.1  
1.12335 22871.8 45743.7 -45743.8  
1.12376 22952.2 45904.5 -45904.7  
1.12417 23032.7 46065.4 -46065.6  
1.12458 23113.1 46226.4 -46226.5  
1.12499 23193.6 46387.4 -46387.5  
1.1254 23274.2 46548.5 -46548.6  
1.12581 23354.7 46709.6 -46709.7  
1.12622 23435.3 46870.8 -46870.9  
1.12663 23515.9 47032 -47032.1  
1.12704 23596.6 47193.3 -47193.4  
1.12744 23677.3 47354.7 -47354.8  
1.12785 23758 47516.1 -47516.2  
1.12826 23838.7 47677.5 -47677.7  
1.12867 23919.5 47839.1 -47839.2  
1.12908 24000.3 48000.7 -48000.8  
1.12949 24081.1 48162.3 -48162.5  
1.1299 24162 48324 -48324.2  
1.13031 24242.8 48485.8 -48485.9  
1.13072 24323.8 48647.6 -48647.8  
1.13113 24404.7 48809.5 -48809.6  
1.13154 24485.7 48971.5 -48971.6  
1.13195 24566.7 49133.5 -49133.6  
1.13236 24647.7 49295.5 -49295.7  
1.13277 24728.8 49457.6 -49457.8  
1.13318 24809.8 49619.8 -49620  
1.13359 24891 49782.1 -49782.2  
1.134 24972.1 49944.4 -49944.5  
1.13441 25053.3 50106.7 -50106.9  
1.13482 25134.5 50269.1 -50269.3  
1.13523 25215.7 50431.6 -50431.7  
1.13564 25297 50594.1 -50594.3  
1.13605 25378.3 50756.7 -50756.9  
1.13646 25459.6 50919.4 -50919.5  
1.13687 25541 51082.1 -51082.2  
1.13728 25622.4 51244.8 -51245  
1.13769 25703.8 51407.7 -51407.8  
1.1381 25785.2 51570.6 -51570.7  
1.13851 25866.7 51733.5 -51733.6  
1.13892 25948.2 51896.5 -51896.6  
1.13933 26029.7 52059.6 -52059.7  
1.13974 26111.3 52222.7 -52222.8  
1.14015 26192.9 52385.8 -52386  
1.14056 26274.5 52549.1 -52549.2  
1.14097 26356.1 52712.4 -52712.5  
1.14138 26437.8 52875.7 -52875.9  
1.14179 26519.5 53039.1 -53039.3  
1.1422 26601.2 53202.6 -53202.8  
1.14261 26683 53366.1 -53366.3  
1.14302 26764.8 53529.7 -53529.9  
1.14343 26846.6 53693.4 -53693.5  
1.14384 26928.5 53857.1 -53857.2  
1.14425 27010.3 54020.8 -54021  
1.14466 27092.3 54184.7 -54184.8  
1.14507 27174.2 54348.5 -54348.7  
1.14548 27256.2 54512.5 -54512.6  
1.14589 27338.2 54676.5 -54676.6  
1.1463 27420.2 54840.5 -54840.7  
1.1467 27502.2 55004.6 -55004.8  
1.14711 27584.3 55168.8 -55169  
1.14752 27666.5 55333.1 -55333.2  
1.14793 27748.6 55497.3 -55497.5  
1.14834 27830.8 55661.7 -55661.8  
1.14875 27913 55826.1 -55826.2  
1.14916 27995.2 55990.6 -55990.7  
1.14957 28077.5 56155.1 -56155.2  
1.14998 28159.8 56319.7 -56319.8  
1.15039 28242.1 56484.3 -56484.5  
1.1508 28324.4 56649 -56649.2  
1.15121 28406.8 56813.8 -56813.9  
1.15162 28489.2 56978.6 -56978.7  
1.15203 28571.7 57143.5 -57143.6  
1.15244 28654.1 57308.4 -57308.6  
1.15285 28736.6 57473.4 -57473.6  
1.15326 28819.2 57638.5 -57638.6  
1.15367 28901.7 57803.6 -57803.7  
1.15408 28984.3 57968.7 -57968.9  
1.15449 29066.9 58134 -58134.1  
1.1549 29149.6 58299.3 -58299.4  
1.15531 29232.2 58464.6 -58464.8  
1.15572 29314.9 58630 -58630.2  
1.15613 29397.7 58795.5 -58795.6  
1.15654 29480.4 58961 -58961.2  
1.15695 29563.2 59126.6 -59126.7  
1.15736 29646 59292.2 -59292.4  
1.15777 29728.9 59457.9 -59458.1  
1.15818 29811.8 59623.7 -59623.8  
1.15859 29894.7 59789.5 -59789.7  
1.159 29977.6 59955.4 -59955.5  
1.15941 30060.6 60121.3 -60121.5  
1.15982 30143.6 60287.3 -60287.5  
1.16023 30226.6 60453.3 -60453.5  
1.16064 30309.6 60619.5 -60619.6  
1.16105 30392.7 60785.6 -60785.8  
1.16146 30475.8 60951.8 -60952  
1.16187 30559 61118.1 -61118.3  
1.16228 30642.2 61284.5 -61284.6  
1.16269 30725.4 61450.9 -61451  
1.1631 30808.6 61617.3 -61617.5  
1.16351 30891.8 61783.9 -61784  
1.16392 30975.1 61950.4 -61950.6  
1.16433 31058.5 62117.1 -62117.2  
1.16474 31141.8 62283.8 -62283.9  
1.16515 31225.2 62450.5 -62450.7  
1.16556 31308.6 62617.3 -62617.5  
1.16596 31392 62784.2 -62784.4  
1.16637 31475.5 62951.1 -62951.3  
1.16678 31559 63118.1 -63118.3  
1.16719 31642.5 63285.2 -63285.3  
1.1676 31726.1 63452.3 -63452.4  
1.16801 31809.6 63619.4 -63619.6  
1.16842 31893.3 63786.7 -63786.8  
1.16883 31976.9 63954 -63954.1  
1.16924 32060.6 64121.3 -64121.5  
1.16965 32144.3 64288.7 -64288.9  
1.17006 32228 64456.2 -64456.3  
1.17047 32311.7 64623.7 -64623.8  
1.17088 32395.5 64791.2 -64791.4  
1.17129 32479.4 64958.9 -64959.1  
1.1717 32563.2 65126.6 -65126.7  
1.17211 32647.1 65294.3 -65294.5  
1.17252 32731 65462.1 -65462.3  
1.17293 32814.9 65630 -65630.2  
1.17334 32898.9 65797.9 -65798.1  
1.17375 32982.9 65965.9 -65966.1  
1.17416 33066.9 66134 -66134.1  
1.17457 33150.9 66302.1 -66302.2  
1.17498 33235 66470.2 -66470.4  
1.17539 33319.1 66638.4 -66638.6  
1.1758 33403.3 66806.7 -66806.9  
1.17621 33487.4 66975.1 -66975.2  
1.17662 33571.6 67143.5 -67143.6  
1.17703 33655.9 67311.9 -67312.1  
1.17744 33740.1 67480.4 -67480.6  
1.17785 33824.4 67649 -67649.2  
1.17826 33908.7 67817.6 -67817.8  
1.17867 33993.1 67986.3 -67986.5  
1.17908 34077.4 68155.1 -68155.3  
1.17949 34161.9 68323.9 -68324.1  
1.1799 34246.3 68492.8 -68492.9  
1.18031 34330.7 68661.7 -68661.9  
1.18072 34415.2 68830.7 -68830.8  
1.18113 34499.8 68999.7 -68999.9  
1.18154 34584.3 69168.8 -69169  
1.18195 34668.9 69338 -69338.1  
1.18236 34753.5 69507.2 -69507.4  
1.18277 34838.1 69676.5 -69676.6  
1.18318 34922.8 69845.8 -69846  
1.18359 35007.5 70015.2 -70015.4  
1.184 35092.2 70184.6 -70184.8  
1.18441 35177 70354.1 -70354.3  
1.18482 35261.8 70523.7 -70523.9  
1.18522 35346.6 70693.3 -70693.5  
1.18563 35431.4 70863 -70863.2  
1.18604 35516.3 71032.8 -71033  
1.18645 35601.2 71202.6 -71202.8  
1.18686 35686.1 71372.5 -71372.6  
1.18727 35771.1 71542.4 -71542.6  
1.18768 35856.1 71712.4 -71712.5  
1.18809 35941.1 71882.4 -71882.6  
1.1885 36026.2 72052.5 -72052.7  
1.18891 36111.2 72222.6 -72222.8  
1.18932 36196.3 72392.9 -72393.1  
1.18973 36281.5 72563.1 -72563.3  
1.19014 36366.6 72733.5 -72733.7  
1.19055 36451.8 72903.9 -72904.1  
1.19096 36537.1 73074.3 -73074.5  
1.19137 36622.3 73244.8 -73245  
1.19178 36707.6 73415.4 -73415.6  
1.19219 36792.9 73586 -73586.2  
1.1926 36878.3 73756.7 -73756.9  
1.19301 36963.6 73927.4 -73927.6  
1.19342 37049 74098.2 -74098.4  
1.19383 37134.5 74269.1 -74269.3  
1.19424 37219.9 74440 -74440.2  
1.19465 37305.4 74611 -74611.2  
1.19506 37390.9 74782 -74782.2  
1.19547 37476.5 74953.1 -74953.3  
1.19588 37562 75124.3 -75124.5  
1.19629 37647.7 75295.5 -75295.7  
1.1967 37733.3 75466.8 -75467  
1.19711 37819 75638.1 -75638.3  
1.19752 37904.6 75809.5 -75809.7  
1.19793 37990.4 75980.9 -75981.1  
1.19834 38076.1 76152.4 -76152.6  
1.19875 38161.9 76324 -76324.2  
1.19916 38247.7 76495.6 -76495.8  
1.19957 38333.6 76667.3 -76667.5  
1.19998 38419.4 76839 -76839.2  
1.20039 38505.3 77010.8 -77011  
1.2008 38591.3 77182.7 -77182.9  
1.20121 38677.2 77354.6 -77354.8  
1.20162 38763.2 77526.6 -77526.8  
1.20203 38849.2 77698.6 -77698.8  
1.20244 38935.3 77870.7 -77870.9  
1.20285 39021.3 78042.9 -78043.1  
1.20326 39107.4 78215.1 -78215.3  
1.20367 39193.6 78387.4 -78387.6  
1.20408 39279.7 78559.7 -78559.9  
1.20448 39365.9 78732.1 -78732.3  
1.20489 39452.2 78904.5 -78904.7  
1.2053 39538.4 79077 -79077.2  
1.20571 39624.7 79249.6 -79249.8  
1.20612 39711 79422.2 -79422.4  
1.20653 39797.3 79594.9 -79595.1  
1.20694 39883.7 79767.6 -79767.8  
1.20735 39970.1 79940.4 -79940.6  
1.20776 40056.5 80113.3 -80113.5  
1.20817 40143 80286.2 -80286.4  
1.20858 40229.5 80459.1 -80459.4  
1.20899 40316 80632.2 -80632.4  
1.2094 40402.5 80805.3 -80805.5  
1.20981 40489.1 80978.4 -80978.6  
1.21022 40575.7 81151.6 -81151.8  
1.21063 40662.3 81324.9 -81325.1  
1.21104 40749 81498.2 -81498.4  
1.21145 40835.7 81671.6 -81671.8  
1.21186 40922.4 81845 -81845.2  
1.21227 41009.2 82018.5 -82018.7  
1.21268 41095.9 82192.1 -82192.3  
1.21309 41182.8 82365.7 -82365.9  
1.2135 41269.6 82539.4 -82539.6  
1.21391 41356.5 82713.1 -82713.3  
1.21432 41443.4 82886.9 -82887.1  
1.21473 41530.3 83060.8 -83061  
1.21514 41617.2 83234.7 -83234.9  
1.21555 41704.2 83408.7 -83408.9  
1.21596 41791.2 83582.7 -83582.9  
1.21637 41878.3 83756.8 -83757  
1.21678 41965.3 83930.9 -83931.1  
1.21719 42052.4 84105.1 -84105.3  
1.2176 42139.6 84279.4 -84279.6  
1.21801 42226.7 84453.7 -84453.9  
1.21842 42313.9 84628.1 -84628.3  
1.21883 42401.1 84802.5 -84802.7  
1.21924 42488.4 84977 -84977.2  
1.21965 42575.7 85151.6 -85151.8  
1.22006 42663 85326.2 -85326.4  
1.22047 42750.3 85500.9 -85501.1  
1.22088 42837.7 85675.6 -85675.8  
1.22129 42925.1 85850.4 -85850.6  
1.2217 43012.5 86025.2 -86025.5  
1.22211 43100 86200.1 -86200.4  
1.22252 43187.4 86375.1 -86375.3  
1.22293 43275 86550.1 -86550.4  
1.22334 43362.5 86725.2 -86725.4  
1.22374 43450.1 86900.4 -86900.6  
1.22415 43537.7 87075.6 -87075.8  
1.22456 43625.3 87250.8 -87251  
1.22497 43713 87426.1 -87426.4  
1.22538 43800.6 87601.5 -87601.7  
1.22579 43888.4 87776.9 -87777.2  
1.2262 43976.1 87952.4 -87952.7  
1.22661 44063.9 88128 -88128.2  
1.22702 44151.7 88303.6 -88303.8  
1.22743 44239.5 88479.3 -88479.5  
1.22784 44327.4 88655 -88655.2  
1.22825 44415.3 88830.8 -88831  
1.22866 44503.2 89006.6 -89006.9  
1.22907 44591.2 89182.5 -89182.8  
1.22948 44679.1 89358.5 -89358.7  
1.22989 44767.2 89534.5 -89534.8  
1.2303 44855.2 89710.6 -89710.8  
1.23071 44943.3 89886.8 -89887  
1.23112 45031.4 90063 -90063.2  
1.23153 45119.5 90239.2 -90239.4  
1.23194 45207.6 90415.5 -90415.8  
1.23235 45295.8 90591.9 -90592.1  
1.23276 45384.1 90768.3 -90768.6  
1.23317 45472.3 90944.8 -90945.1  
1.23358 45560.6 91121.4 -91121.6  
1.23399 45648.9 91298 -91298.2  
1.2344 45737.2 91474.7 -91474.9  
1.23481 45825.6 91651.4 -91651.6  
1.23522 45914 91828.2 -91828.4  
1.23563 46002.4 92005 -92005.2  
1.23604 46090.8 92181.9 -92182.1  
1.23645 46179.3 92358.9 -92359.1  
1.23686 46267.8 92535.9 -92536.1  
1.23727 46356.4 92713 -92713.2  
1.23768 46444.9 92890.1 -92890.3  
1.23809 46533.5 93067.3 -93067.5  
1.2385 46622.2 93244.6 -93244.8  
1.23891 46710.8 93421.9 -93422.1  
1.23932 46799.5 93599.2 -93599.5  
1.23973 46888.2 93776.7 -93776.9  
1.24014 46977 93954.2 -93954.4  
1.24055 47065.7 94131.7 -94131.9  
1.24096 47154.5 94309.3 -94309.6  
1.24137 47243.4 94487 -94487.2  
1.24178 47332.2 94664.7 -94664.9  
1.24219 47421.1 94842.5 -94842.7  
1.24259 47510 95020.3 -95020.6  
1.243 47599 95198.2 -95198.5  
1.24341 47688 95376.2 -95376.4  
1.24382 47777 95554.2 -95554.4  
1.24423 47866 95732.3 -95732.5  
1.24464 47955.1 95910.4 -95910.7  
1.24505 48044.2 96088.6 -96088.8  
1.24546 48133.3 96266.9 -96267.1  
1.24587 48222.5 96445.2 -96445.4  
1.24628 48311.6 96623.5 -96623.8  
1.24669 48400.9 96802 -96802.2  
1.2471 48490.1 96980.4 -96980.7  
1.24751 48579.4 97159 -97159.2  
1.24792 48668.7 97337.6 -97337.8  
1.24833 48758 97516.3 -97516.5  
1.24874 48847.4 97695 -97695.2  
1.24915 48936.8 97873.8 -97874  
1.24956 49026.2 98052.6 -98052.8  
1.24997 49115.6 98231.5 -98231.7  
1.25038 49205.1 98410.4 -98410.7  
1.25079 49294.6 98589.5 -98589.7  
1.2512 49384.1 98768.5 -98768.8  
1.25161 49473.7 98947.7 -98947.9  
1.25202 49563.3 99126.9 -99127.1  
1.25243 49652.9 99306.1 -99306.4  
1.25284 49742.6 99485.4 -99485.7  
1.25325 49832.3 99664.8 -99665  
1.25366 49922 99844.2 -99844.5  
1.25407 50011.7 100024 -100024  
1.25448 50101.5 100203 -100203  
1.25489 50191.3 100383 -100383  
1.2553 50281.1 100562 -100563  
1.25571 50371 100742 -100742  
1.25612 50460.9 100922 -100922  
1.25653 50550.8 101102 -101102  
1.25694 50640.7 101282 -101282  
1.25735 50730.7 101462 -101462  
1.25776 50820.7 101642 -101642  
1.25817 50910.7 101822 -101822  
1.25858 51000.8 102002 -102002  
1.25899 51090.9 102182 -102182  
1.2594 51181 102362 -102363  
1.25981 51271.2 102543 -102543  
1.26022 51361.4 102723 -102723  
1.26063 51451.6 102903 -102904  
1.26104 51541.8 103084 -103084  
1.26145 51632.1 103264 -103265  
1.26185 51722.4 103445 -103445  
1.26226 51812.7 103626 -103626  
1.26267 51903.1 103806 -103807  
1.26308 51993.4 103987 -103987  
1.26349 52083.9 104168 -104168  
1.2639 52174.3 104349 -104349  
1.26431 52264.8 104530 -104530  
1.26472 52355.3 104711 -104711  
1.26513 52445.8 104892 -104892  
1.26554 52536.4 105073 -105073  
1.26595 52627 105254 -105254  
1.26636 52717.6 105435 -105436  
1.26677 52808.2 105617 -105617  
1.26718 52898.9 105798 -105798  
1.26759 52989.6 105980 -105980  
1.268 53080.4 106161 -106161  
1.26841 53171.1 106343 -106343  
1.26882 53261.9 106524 -106524  
1.26923 53352.8 106706 -106706  
1.26964 53443.6 106888 -106888  
1.27005 53534.5 107069 -107070  
1.27046 53625.4 107251 -107251  
1.27087 53716.4 107433 -107433  
1.27128 53807.3 107615 -107615  
1.27169 53898.3 107797 -107797  
1.2721 53989.4 107979 -107979  
1.27251 54080.4 108161 -108161  
1.27292 54171.5 108343 -108344  
1.27333 54262.6 108526 -108526  
1.27374 54353.8 108708 -108708  
1.27415 54445 108890 -108890  
1.27456 54536.2 109073 -109073  
1.27497 54627.4 109255 -109255  
1.27538 54718.7 109438 -109438  
1.27579 54810 109620 -109621  
1.2762 54901.3 109803 -109803  
1.27661 54992.7 109986 -109986  
1.27702 55084 110168 -110169  
1.27743 55175.5 110351 -110351  
1.27784 55266.9 110534 -110534  
1.27825 55358.4 110717 -110717  
1.27866 55449.9 110900 -110900  
1.27907 55541.4 111083 -111083  
1.27948 55633 111266 -111266  
1.27989 55724.6 111449 -111450  
1.2803 55816.2 111633 -111633  
1.2807 55907.8 111816 -111816  
1.28111 55999.5 111999 -112000  
1.28152 56091.2 112183 -112183  
1.28193 56182.9 112366 -112366  
1.28234 56274.7 112550 -112550  
1.28275 56366.5 112733 -112734  
1.28316 56458.3 112917 -112917  
1.28357 56550.2 113101 -113101  
1.28398 56642.1 113284 -113285  
1.28439 56734 113468 -113469  
1.2848 56825.9 113652 -113652  
1.28521 56917.9 113836 -113836  
1.28562 57009.9 114020 -114020  
1.28603 57101.9 114204 -114204  
1.28644 57194 114388 -114389  
1.28685 57286.1 114572 -114573  
1.28726 57378.2 114757 -114757  
1.28767 57470.3 114941 -114941  
1.28808 57562.5 115125 -115126  
1.28849 57654.7 115310 -115310  
1.2889 57746.9 115494 -115494  
1.28931 57839.2 115679 -115679  
1.28972 57931.5 115863 -115864  
1.29013 58023.8 116048 -116048  
1.29054 58116.2 116233 -116233  
1.29095 58208.5 116417 -116418  
1.29136 58301 116602 -116602  
1.29177 58393.4 116787 -116787  
1.29218 58485.9 116972 -116972  
1.29259 58578.4 117157 -117157  
1.293 58670.9 117342 -117342  
1.29341 58763.4 117527 -117527  
1.29382 58856 117712 -117713  
1.29423 58948.7 117898 -117898  
1.29464 59041.3 118083 -118083  
1.29505 59134 118268 -118269  
1.29546 59226.7 118454 -118454  
1.29587 59319.4 118639 -118639  
1.29628 59412.2 118825 -118825  
1.29669 59505 119010 -119011  
1.2971 59597.8 119196 -119196  
1.29751 59690.6 119382 -119382  
1.29792 59783.5 119567 -119568  
1.29833 59876.4 119753 -119753  
1.29874 59969.4 119939 -119939  
1.29915 60062.3 120125 -120125  
1.29955 60155.3 120311 -120311  
1.29996 60248.3 120497 -120497  
1.30037 60341.4 120683 -120683  
1.30078 60434.5 120869 -120870  
1.30119 60527.6 121056 -121056  
1.3016 60620.7 121242 -121242  
1.30201 60713.9 121428 -121428  
1.30242 60807.1 121615 -121615  
1.30283 60900.4 121801 -121801  
1.30324 60993.6 121988 -121988  
1.30365 61086.9 122174 -122174  
1.30406 61180.2 122361 -122361  
1.30447 61273.6 122547 -122548  
1.30488 61367 122734 -122735  
1.30529 61460.4 122921 -122921  
1.3057 61553.8 123108 -123108  
1.30611 61647.3 123295 -123295  
1.30652 61740.8 123482 -123482  
1.30693 61834.3 123669 -123669  
1.30734 61927.8 123856 -123856  
1.30775 62021.4 124043 -124043  
1.30816 62115 124230 -124231  
1.30857 62208.7 124418 -124418  
1.30898 62302.3 124605 -124605  
1.30939 62396 124792 -124793  
1.3098 62489.8 124980 -124980  
1.31021 62583.5 125167 -125168  
1.31062 62677.3 125355 -125355  
1.31103 62771.1 125543 -125543  
1.31144 62865 125730 -125731  
1.31185 62958.9 125918 -125918  
1.31226 63052.8 126106 -126106  
1.31267 63146.7 126294 -126294  
1.31308 63240.7 126482 -126482  
1.31349 63334.7 126670 -126670  
1.3139 63428.7 126858 -126858  
1.31431 63522.7 127046 -127046  
1.31472 63616.8 127234 -127234  
1.31513 63710.9 127422 -127423  
1.31554 63805.1 127610 -127611  
1.31595 63899.3 127799 -127799  
1.31636 63993.5 127987 -127988  
1.31677 64087.7 128176 -128176  
1.31718 64181.9 128364 -128365  
1.31759 64276.2 128553 -128553  
1.318 64370.5 128741 -128742  
1.31841 64464.9 128930 -128930  
1.31881 64559.3 129119 -129119  
1.31922 64653.7 129308 -129308  
1.31963 64748.1 129497 -129497  
1.32004 64842.6 129685 -129686  
1.32045 64937.1 129874 -129875  
1.32086 65031.6 130063 -130064  
1.32127 65126.1 130253 -130253  
1.32168 65220.7 130442 -130442  
1.32209 65315.3 130631 -130631  
1.3225 65410 130820 -130821  
1.32291 65504.6 131010 -131010  
1.32332 65599.3 131199 -131199  
1.32373 65694.1 131388 -131389  
1.32414 65788.8 131578 -131578  
1.32455 65883.6 131768 -131768  
1.32496 65978.4 131957 -131957  
1.32537 66073.3 132147 -132147  
1.32578 66168.1 132337 -132337  
1.32619 66263 132526 -132527  
1.3266 66358 132716 -132717  
1.32701 66452.9 132906 -132907  
1.32742 66547.9 133096 -133096  
1.32783 66642.9 133286 -133287  
1.32824 66738 133476 -133477  
1.32865 66833.1 133666 -133667  
1.32906 66928.2 133857 -133857  
1.32947 67023.3 134047 -134047  
1.32988 67118.5 134237 -134238  
1.33029 67213.7 134428 -134428  
1.3307 67308.9 134618 -134618  
1.33111 67404.2 134809 -134809  
1.33152 67499.4 134999 -135000  
1.33193 67594.8 135190 -135190  
1.33234 67690.1 135381 -135381  
1.33275 67785.5 135571 -135572  
1.33316 67880.9 135762 -135762  
1.33357 67976.3 135953 -135953  
1.33398 68071.8 136144 -136144  
1.33439 68167.3 136335 -136335  
1.3348 68262.8 136526 -136526  
1.33521 68358.3 136717 -136717  
1.33562 68453.9 136908 -136908  
1.33603 68549.5 137099 -137100  
1.33644 68645.2 137291 -137291  
1.33685 68740.8 137482 -137482  
1.33726 68836.5 137673 -137674  
1.33766 68932.2 137865 -137865  
1.33807 69028 138056 -138057  
1.33848 69123.8 138248 -138248  
1.33889 69219.6 138440 -138440  
1.3393 69315.4 138631 -138632  
1.33971 69411.3 138823 -138823  
1.34012 69507.2 139015 -139015  
1.34053 69603.1 139207 -139207  
1.34094 69699.1 139399 -139399  
1.34135 69795.1 139590 -139591  
1.34176 69891.1 139783 -139783  
1.34217 69987.1 139975 -139975  
1.34258 70083.2 140167 -140167  
1.34299 70179.3 140359 -140359  
1.3434 70275.5 140551 -140552  
1.34381 70371.6 140744 -140744  
1.34422 70467.8 140936 -140936  
1.34463 70564 141128 -141129  
1.34504 70660.3 141321 -141321  
1.34545 70756.6 141513 -141514  
1.34586 70852.9 141706 -141706  
1.34627 70949.2 141899 -141899  
1.34668 71045.6 142092 -142092  
1.34709 71142 142284 -142285  
1.3475 71238.4 142477 -142478  
1.34791 71334.9 142670 -142670  
1.34832 71431.4 142863 -142863  
1.34873 71527.9 143056 -143056  
1.34914 71624.4 143249 -143250  
1.34955 71721 143442 -143443  
1.34996 71817.6 143636 -143636  
1.35037 71914.2 143829 -143829  
1.35078 72010.9 144022 -144023  
1.35119 72107.6 144216 -144216  
1.3516 72204.3 144409 -144409  
1.35201 72301.1 144602 -144603  
1.35242 72397.9 144796 -144796  
1.35283 72494.7 144990 -144990  
1.35324 72591.5 145183 -145184  
1.35365 72688.4 145377 -145377  
1.35406 72785.3 145571 -145571  
1.35447 72882.2 145765 -145765  
1.35488 72979.2 145959 -145959  
1.35529 73076.1 146153 -146153  
1.3557 73173.2 146347 -146347  
1.35611 73270.2 146541 -146541  
1.35651 73367.3 146735 -146735  
1.35692 73464.4 146929 -146929  
1.35733 73561.5 147123 -147124  
1.35774 73658.7 147318 -147318  
1.35815 73755.9 147512 -147512  
1.35856 73853.1 147707 -147707  
1.35897 73950.3 147901 -147901  
1.35938 74047.6 148096 -148096  
1.35979 74144.9 148290 -148291  
1.3602 74242.3 148485 -148485  
1.36061 74339.6 148680 -148680  
1.36102 74437 148874 -148875  
1.36143 74534.4 149069 -149070  
1.36184 74631.9 149264 -149265  
1.36225 74729.4 149459 -149459  
1.36266 74826.9 149654 -149655  
1.36307 74924.4 149849 -149850  
1.36348 75022 150044 -150045  
1.36389 75119.6 150240 -150240  
1.3643 75217.2 150435 -150435  
1.36471 75314.9 150630 -150631  
1.36512 75412.6 150826 -150826  
1.36553 75510.3 151021 -151021  
1.36594 75608.1 151216 -151217  
1.36635 75705.8 151412 -151412  
1.36676 75803.6 151608 -151608  
1.36717 75901.5 151803 -151804  
1.36758 75999.3 151999 -151999  
1.36799 76097.2 152195 -152195  
1.3684 76195.2 152391 -152391  
1.36881 76293.1 152587 -152587  
1.36922 76391.1 152783 -152783  
1.36963 76489.1 152979 -152979  
1.37004 76587.2 153175 -153175  
1.37045 76685.2 153371 -153371  
1.37086 76783.3 153567 -153567  
1.37127 76881.5 153763 -153764  
1.37168 76979.6 153960 -153960  
1.37209 77077.8 154156 -154156  
1.3725 77176 154352 -154353  
1.37291 77274.3 154549 -154549  
1.37332 77372.5 154745 -154746  
1.37373 77470.8 154942 -154942  
1.37414 77569.2 155139 -155139  
1.37455 77667.5 155335 -155336  
1.37496 77765.9 155532 -155533  
1.37536 77864.4 155729 -155729  
1.37577 77962.8 155926 -155926  
1.37618 78061.3 156123 -156123  
1.37659 78159.8 156320 -156320  
1.377 78258.3 156517 -156517  
1.37741 78356.9 156714 -156715  
1.37782 78455.5 156911 -156912  
1.37823 78554.1 157109 -157109  
1.37864 78652.8 157306 -157306  
1.37905 78751.5 157503 -157504  
1.37946 78850.2 157701 -157701  
1.37987 78949 157898 -157899  
1.38028 79047.7 158096 -158096  
1.38069 79146.5 158293 -158294  
1.3811 79245.4 158491 -158491  
1.38151 79344.2 158689 -158689  
1.38192 79443.1 158887 -158887  
1.38233 79542 159084 -159085  
1.38274 79641 159282 -159283  
1.38315 79740 159480 -159481  
1.38356 79839 159678 -159679  
1.38397 79938 159876 -159877  
1.38438 80037.1 160075 -160075  
1.38479 80136.2 160273 -160273  
1.3852 80235.3 160471 -160471  
1.38561 80334.5 160669 -160670  
1.38602 80433.7 160868 -160868  
1.38643 80532.9 161066 -161067  
1.38684 80632.1 161265 -161265  
1.38725 80731.4 161463 -161464  
1.38766 80830.7 161662 -161662  
1.38807 80930 161860 -161861  
1.38848 81029.4 162059 -162060  
1.38889 81128.8 162258 -162258  
1.3893 81228.2 162457 -162457  
1.38971 81327.6 162656 -162656  
1.39012 81427.1 162855 -162855  
1.39053 81526.6 163054 -163054  
1.39094 81626.2 163253 -163253  
1.39135 81725.7 163452 -163452  
1.39176 81825.3 163651 -163651  
1.39217 81925 163850 -163851  
1.39258 82024.6 164050 -164050  
1.39299 82124.3 164249 -164249  
1.3934 82224 164448 -164449  
1.39381 82323.7 164648 -164648  
1.39421 82423.5 164847 -164848  
1.39462 82523.3 165047 -165047  
1.39503 82623.1 165247 -165247  
1.39544 82723 165446 -165447  
1.39585 82822.9 165646 -165647  
1.39626 82922.8 165846 -165846  
1.39667 83022.8 166046 -166046  
1.39708 83122.7 166246 -166246  
1.39749 83222.7 166446 -166446  
1.3979 83322.8 166646 -166646  
1.39831 83422.8 166846 -166846  
1.39872 83522.9 167046 -167047  
1.39913 83623.1 167247 -167247  
1.39954 83723.2 167447 -167447  
1.39995 83823.4 167647 -167648  
1.40036 83923.6 167848 -167848  
1.40077 84023.9 168048 -168049  
1.40118 84124.1 168249 -168249  
1.40159 84224.4 168449 -168450  
1.402 84324.8 168650 -168650  
1.40241 84425.1 168851 -168851  
1.40282 84525.5 169051 -169052  
1.40323 84625.9 169252 -169253  
1.40364 84726.4 169453 -169454  
1.40405 84826.8 169654 -169654  
1.40446 84927.3 169855 -169856  
1.40487 85027.9 170056 -170057  
1.40528 85128.4 170257 -170258  
1.40569 85229 170458 -170459  
1.4061 85329.7 170660 -170660  
1.40651 85430.3 170861 -170861  
1.40692 85531 171062 -171063  
1.40733 85631.7 171264 -171264  
1.40774 85732.4 171465 -171466  
1.40815 85833.2 171667 -171667  
1.40856 85934 171868 -171869  
1.40897 86034.8 172070 -172070  
1.40938 86135.7 172272 -172272  
