0.086 0 0.903 0.011  
0.0855522 0.000442612 0.903437 0.0110103  
0.0851069 0.000882893 0.903873 0.0110205  
0.0846638 0.00132086 0.904306 0.0110306  
0.0842232 0.00175651 0.904736 0.0110406  
0.0837849 0.00218988 0.905165 0.0110505  
0.0833489 0.00262096 0.905591 0.0110603  
0.0829152 0.00304977 0.906015 0.01107  
0.0824839 0.00347633 0.906437 0.0110795  
0.0820548 0.00390065 0.906856 0.011089  
0.0816281 0.00432273 0.907274 0.0110984  
0.0812036 0.00474259 0.907689 0.0111077  
0.0807813 0.00516025 0.908102 0.0111169  
0.0803613 0.00557571 0.908513 0.011126  
0.0799435 0.00598899 0.908921 0.011135  
0.079528 0.00640009 0.909328 0.0111439  
0.0791146 0.00680904 0.909733 0.0111527  
0.0787034 0.00721584 0.910135 0.0111614  
0.0782945 0.0076205 0.910535 0.0111701  
0.0778877 0.00802303 0.910934 0.0111786  
0.077483 0.00842346 0.91133 0.0111871  
0.0770805 0.00882178 0.911724 0.0111954  
0.0766801 0.00921801 0.912116 0.0112037  
0.0762819 0.00961216 0.912506 0.0112119  
0.0758857 0.0100042 0.912894 0.01122  
0.0754917 0.0103943 0.91328 0.0112281  
0.0750998 0.0107822 0.913664 0.011236  
0.0747099 0.0111682 0.914046 0.0112439  
0.0743221 0.0115521 0.914426 0.0112516  
0.0739363 0.011934 0.914804 0.0112593  
0.0735526 0.0123139 0.91518 0.011267  
0.0731709 0.0126918 0.915555 0.0112745  
0.0727912 0.0130678 0.915927 0.011282  
0.0724136 0.0134417 0.916297 0.0112894  
0.0720379 0.0138137 0.916665 0.0112967  
0.0716642 0.0141838 0.917032 0.0113039  
0.0712926 0.0145519 0.917396 0.0113111  
0.0709228 0.0149181 0.917759 0.0113181  
0.070555 0.0152824 0.91812 0.0113252  
0.0701892 0.0156447 0.918479 0.0113321  
0.0698253 0.0160052 0.918836 0.011339  
0.0694633 0.0163638 0.919191 0.0113458  
0.0691032 0.0167205 0.919544 0.0113525  
0.0687451 0.0170753 0.919896 0.0113591  
0.0683888 0.0174283 0.920245 0.0113657  
0.0680344 0.0177795 0.920593 0.0113723  
0.0676819 0.0181288 0.920939 0.0113787  
0.0673312 0.0184762 0.921284 0.0113851  
0.0669824 0.0188219 0.921626 0.0113914  
0.0666354 0.0191658 0.921967 0.0113977  
0.0662903 0.0195078 0.922306 0.0114039  
0.0659469 0.0198481 0.922643 0.01141  
0.0656054 0.0201866 0.922979 0.011416  
0.0652657 0.0205233 0.923312 0.011422  
0.0649278 0.0208583 0.923644 0.011428  
0.0645916 0.0211915 0.923975 0.0114339  
0.0642572 0.0215229 0.924303 0.0114397  
0.0639246 0.0218527 0.92463 0.0114454  
0.0635937 0.0221807 0.924955 0.0114511  
0.0632646 0.022507 0.925279 0.0114568  
0.0629372 0.0228316 0.9256 0.0114623  
0.0626116 0.0231545 0.925921 0.0114679  
0.0622876 0.0234757 0.926239 0.0114733  
0.0619653 0.0237953 0.926556 0.0114787  
0.0616448 0.0241132 0.926871 0.0114841  
0.0613259 0.0244294 0.927185 0.0114894  
0.0610087 0.024744 0.927497 0.0114946  
0.0606932 0.0250569 0.927807 0.0114998  
0.0603793 0.0253682 0.928116 0.011505  
0.0600671 0.0256779 0.928423 0.01151  
0.0597565 0.0259859 0.928728 0.0115151  
0.0594476 0.0262924 0.929032 0.01152  
0.0591403 0.0265973 0.929335 0.011525  
0.0588345 0.0269005 0.929636 0.0115298  
0.0585304 0.0272022 0.929935 0.0115347  
0.0582279 0.0275024 0.930233 0.0115394  
0.057927 0.0278009 0.930529 0.0115442  
0.0576277 0.0280979 0.930823 0.0115488  
0.0573299 0.0283934 0.931117 0.0115535  
0.0570337 0.0286873 0.931408 0.0115581  
0.056739 0.0289797 0.931698 0.0115626  
0.0564459 0.0292705 0.931987 0.0115671  
0.0561544 0.0295599 0.932274 0.0115715  
0.0558643 0.0298477 0.93256 0.0115759  
0.0555758 0.0301341 0.932844 0.0115803  
0.0552888 0.0304189 0.933127 0.0115846  
0.0550033 0.0307023 0.933408 0.0115888  
0.0547193 0.0309842 0.933688 0.0115931  
0.0544367 0.0312646 0.933966 0.0115972  
0.0541557 0.0315436 0.934243 0.0116014  
0.0538761 0.0318211 0.934518 0.0116054  
0.053598 0.0320972 0.934792 0.0116095  
0.0533214 0.0323719 0.935065 0.0116135  
0.0530462 0.0326451 0.935336 0.0116175  
0.0527724 0.0329169 0.935606 0.0116214  
0.0525001 0.0331873 0.935875 0.0116253  
0.0522292 0.0334563 0.936142 0.0116291  
0.0519597 0.0337238 0.936407 0.0116329  
0.0516916 0.03399 0.936672 0.0116367  
0.051425 0.0342548 0.936935 0.0116404  
0.0511597 0.0345183 0.937196 0.0116441  
0.0508958 0.0347803 0.937456 0.0116477  
0.0506333 0.035041 0.937715 0.0116513  
0.0503722 0.0353004 0.937973 0.0116549  
0.0501124 0.0355584 0.938229 0.0116585  
0.049854 0.0358151 0.938484 0.011662  
0.0495969 0.0360704 0.938738 0.0116654  
0.0493412 0.0363244 0.93899 0.0116688  
0.0490868 0.0365771 0.939241 0.0116722  
0.0488337 0.0368285 0.939491 0.0116756  
0.048582 0.0370785 0.939739 0.0116789  
0.0483316 0.0373273 0.939986 0.0116822  
0.0480825 0.0375748 0.940232 0.0116855  
0.0478347 0.037821 0.940477 0.0116887  
0.0475881 0.0380659 0.94072 0.0116919  
0.0473429 0.0383096 0.940962 0.011695  
0.047099 0.038552 0.941203 0.0116982  
0.0468563 0.0387931 0.941442 0.0117013  
0.0466149 0.039033 0.941681 0.0117043  
0.0463747 0.0392716 0.941918 0.0117073  
0.0461358 0.039509 0.942154 0.0117103  
0.0458982 0.0397452 0.942389 0.0117133  
0.0456618 0.0399801 0.942622 0.0117163  
0.0454266 0.0402138 0.942854 0.0117192  
0.0451926 0.0404464 0.943085 0.011722  
0.0449599 0.0406777 0.943315 0.0117249  
0.0447284 0.0409078 0.943544 0.0117277  
0.044498 0.0411367 0.943771 0.0117305  
0.0442689 0.0413644 0.943998 0.0117332  
0.044041 0.041591 0.944223 0.011736  
0.0438143 0.0418164 0.944447 0.0117387  
0.0435887 0.0420406 0.94467 0.0117414  
0.0433643 0.0422637 0.944892 0.011744  
0.0431411 0.0424856 0.945112 0.0117466  
0.0429191 0.0427063 0.945332 0.0117492  
0.0426982 0.0429259 0.94555 0.0117518  
0.0424785 0.0431444 0.945767 0.0117543  
0.0422599 0.0433617 0.945983 0.0117568  
0.0420424 0.0435779 0.946198 0.0117593  
0.0418261 0.043793 0.946412 0.0117618  
0.0416109 0.044007 0.946625 0.0117642  
0.0413968 0.0442199 0.946837 0.0117667  
0.0411838 0.0444317 0.947047 0.011769  
0.040972 0.0446423 0.947257 0.0117714  
0.0407612 0.0448519 0.947465 0.0117737  
0.0405515 0.0450604 0.947672 0.0117761  
0.040343 0.0452679 0.947879 0.0117784  
0.0401355 0.0454742 0.948084 0.0117806  
0.0399291 0.0456795 0.948288 0.0117829  
0.0397237 0.0458837 0.948491 0.0117851  
0.0395195 0.0460869 0.948693 0.0117873  
0.0393162 0.046289 0.948894 0.0117895  
0.0391141 0.0464901 0.949094 0.0117916  
0.038913 0.0466901 0.949293 0.0117938  
0.0387129 0.0468891 0.949491 0.0117959  
0.0385139 0.0470871 0.949688 0.011798  
0.0383159 0.0472841 0.949884 0.0118  
0.038119 0.04748 0.950079 0.0118021  
0.037923 0.0476749 0.950273 0.0118041  
0.0377281 0.0478688 0.950466 0.0118061  
0.0375342 0.0480617 0.950658 0.0118081  
0.0373413 0.0482536 0.950849 0.0118101  
0.0371494 0.0484446 0.951039 0.011812  
0.0369585 0.0486345 0.951228 0.0118139  
0.0367686 0.0488235 0.951416 0.0118158  
0.0365797 0.0490114 0.951603 0.0118177  
0.0363918 0.0491984 0.951789 0.0118196  
0.0362048 0.0493845 0.951974 0.0118214  
0.0360188 0.0495696 0.952158 0.0118232  
0.0358338 0.0497537 0.952341 0.0118251  
0.0356497 0.0499369 0.952523 0.0118268  
0.0354666 0.0501191 0.952705 0.0118286  
0.0352844 0.0503004 0.952885 0.0118304  
0.0351032 0.0504808 0.953065 0.0118321  
0.0349229 0.0506602 0.953243 0.0118338  
0.0347436 0.0508387 0.953421 0.0118355  
0.0345651 0.0510163 0.953598 0.0118372  
0.0343876 0.0511929 0.953773 0.0118389  
0.0342111 0.0513687 0.953948 0.0118405  
0.0340354 0.0515435 0.954122 0.0118422  
0.0338607 0.0517175 0.954296 0.0118438  
0.0336868 0.0518905 0.954468 0.0118454  
0.0335139 0.0520627 0.954639 0.0118469  
0.0333418 0.0522339 0.95481 0.0118485  
0.0331707 0.0524043 0.954979 0.0118501  
0.0330004 0.0525738 0.955148 0.0118516  
0.032831 0.0527424 0.955316 0.0118531  
0.0326625 0.0529102 0.955483 0.0118546  
0.0324949 0.0530771 0.955649 0.0118561  
0.0323281 0.0532431 0.955814 0.0118576  
0.0321622 0.0534083 0.955979 0.011859  
0.0319971 0.0535726 0.956142 0.0118605  
0.0318329 0.0537361 0.956305 0.0118619  
0.0316696 0.0538987 0.956467 0.0118633  
0.0315071 0.0540605 0.956628 0.0118647  
0.0313454 0.0542215 0.956788 0.0118661  
0.0311846 0.0543816 0.956948 0.0118675  
0.0310246 0.054541 0.957107 0.0118688  
0.0308655 0.0546994 0.957264 0.0118702  
0.0307071 0.0548571 0.957421 0.0118715  
0.0305496 0.055014 0.957578 0.0118728  
0.0303929 0.05517 0.957733 0.0118741  
0.030237 0.0553253 0.957888 0.0118754  
0.0300819 0.0554797 0.958041 0.0118767  
0.0299276 0.0556334 0.958194 0.0118779  
0.0297742 0.0557863 0.958347 0.0118792  
0.0296215 0.0559383 0.958498 0.0118804  
0.0294696 0.0560896 0.958649 0.0118816  
0.0293184 0.0562401 0.958799 0.0118828  
0.0291681 0.0563899 0.958948 0.011884  
0.0290185 0.0565388 0.959096 0.0118852  
0.0288697 0.056687 0.959244 0.0118864  
0.0287217 0.0568345 0.959391 0.0118876  
0.0285745 0.0569812 0.959537 0.0118887  
0.028428 0.0571271 0.959682 0.0118899  
0.0282822 0.0572723 0.959827 0.011891  
0.0281373 0.0574167 0.959971 0.0118921  
0.027993 0.0575604 0.960114 0.0118932  
0.0278495 0.0577033 0.960256 0.0118943  
0.0277068 0.0578455 0.960398 0.0118954  
0.0275648 0.057987 0.960539 0.0118964  
0.0274235 0.0581278 0.960679 0.0118975  
0.0272829 0.0582678 0.960819 0.0118986  
0.0271431 0.0584071 0.960957 0.0118996  
0.027004 0.0585457 0.961095 0.0119006  
0.0268656 0.0586836 0.961233 0.0119016  
0.026728 0.0588207 0.961369 0.0119026  
0.026591 0.0589572 0.961505 0.0119036  
0.0264548 0.0590929 0.961641 0.0119046  
0.0263192 0.059228 0.961775 0.0119056  
0.0261844 0.0593624 0.961909 0.0119066  
0.0260502 0.059496 0.962042 0.0119075  
0.0259167 0.059629 0.962175 0.0119085  
0.025784 0.0597613 0.962307 0.0119094  
0.0256519 0.059893 0.962438 0.0119103  
0.0255205 0.0600239 0.962568 0.0119112  
0.0253897 0.0601542 0.962698 0.0119122  
0.0252597 0.0602838 0.962827 0.0119131  
0.0251303 0.0604127 0.962956 0.0119139  
0.0250016 0.060541 0.963084 0.0119148  
0.0248735 0.0606686 0.963211 0.0119157  
0.0247461 0.0607956 0.963337 0.0119166  
0.0246194 0.0609219 0.963463 0.0119174  
0.0244933 0.0610475 0.963588 0.0119183  
0.0243679 0.0611726 0.963713 0.0119191  
0.0242431 0.0612969 0.963837 0.0119199  
0.024119 0.0614207 0.96396 0.0119207  
0.0239955 0.0615438 0.964083 0.0119216  
0.0238726 0.0616662 0.964205 0.0119224  
0.0237504 0.0617881 0.964326 0.0119231  
0.0236288 0.0619093 0.964447 0.0119239  
0.0235078 0.0620299 0.964568 0.0119247  
0.0233874 0.0621498 0.964687 0.0119255  
0.0232677 0.0622692 0.964806 0.0119262  
0.0231486 0.0623879 0.964924 0.011927  
0.0230301 0.062506 0.965042 0.0119277  
0.0229122 0.0626236 0.965159 0.0119285  
0.0227949 0.0627405 0.965276 0.0119292  
0.0226782 0.0628568 0.965392 0.0119299  
0.0225621 0.0629725 0.965507 0.0119307  
0.0224467 0.0630877 0.965622 0.0119314  
0.0223318 0.0632022 0.965736 0.0119321  
0.0222175 0.0633161 0.96585 0.0119328  
0.0221038 0.0634295 0.965963 0.0119335  
0.0219907 0.0635423 0.966075 0.0119341  
0.0218781 0.0636545 0.966187 0.0119348  
0.0217662 0.0637661 0.966298 0.0119355  
0.0216548 0.0638772 0.966409 0.0119361  
0.021544 0.0639876 0.966519 0.0119368  
0.0214337 0.0640976 0.966629 0.0119374  
0.021324 0.0642069 0.966738 0.0119381  
0.0212149 0.0643157 0.966846 0.0119387  
0.0211064 0.0644239 0.966954 0.0119393  
0.0209984 0.0645316 0.967062 0.01194  
0.020891 0.0646387 0.967168 0.0119406  
0.0207841 0.0647453 0.967275 0.0119412  
0.0206778 0.0648513 0.96738 0.0119418  
0.020572 0.0649568 0.967486 0.0119424  
0.0204667 0.0650618 0.96759 0.011943  
0.020362 0.0651662 0.967694 0.0119436  
0.0202579 0.06527 0.967798 0.0119441  
0.0201543 0.0653734 0.967901 0.0119447  
0.0200512 0.0654762 0.968004 0.0119453  
0.0199486 0.0655785 0.968106 0.0119458  
0.0198466 0.0656802 0.968207 0.0119464  
0.0197451 0.0657815 0.968308 0.0119469  
0.0196441 0.0658822 0.968408 0.0119475  
0.0195436 0.0659824 0.968508 0.011948  
0.0194437 0.0660821 0.968608 0.0119486  
0.0193442 0.0661812 0.968707 0.0119491  
0.0192453 0.0662799 0.968805 0.0119496  
0.0191469 0.066378 0.968903 0.0119501  
0.019049 0.0664757 0.969 0.0119506  
0.0189516 0.0665729 0.969097 0.0119511  
0.0188547 0.0666695 0.969194 0.0119516  
0.0187583 0.0667657 0.96929 0.0119521  
0.0186623 0.0668613 0.969385 0.0119526  
0.0185669 0.0669565 0.96948 0.0119531  
0.018472 0.0670512 0.969574 0.0119536  
0.0183776 0.0671454 0.969668 0.0119541  
0.0182836 0.0672391 0.969762 0.0119545  
0.0181901 0.0673324 0.969855 0.011955  
0.0180971 0.0674251 0.969947 0.0119555  
0.0180046 0.0675174 0.970039 0.0119559  
0.0179126 0.0676092 0.970131 0.0119564  
0.017821 0.0677006 0.970222 0.0119568  
0.0177299 0.0677915 0.970313 0.0119573  
0.0176393 0.0678819 0.970403 0.0119577  
0.0175491 0.0679718 0.970493 0.0119581  
0.0174594 0.0680613 0.970582 0.0119586  
0.0173702 0.0681503 0.970671 0.011959  
0.0172814 0.0682389 0.970759 0.0119594  
0.0171931 0.068327 0.970847 0.0119598  
0.0171052 0.0684147 0.970935 0.0119602  
0.0170178 0.0685019 0.971022 0.0119606  
0.0169308 0.0685887 0.971108 0.011961  
0.0168443 0.068675 0.971194 0.0119614  
0.0167582 0.0687609 0.97128 0.0119618  
0.0166726 0.0688463 0.971365 0.0119622  
0.0165874 0.0689313 0.97145 0.0119626  
0.0165026 0.0690159 0.971534 0.011963  
0.0164183 0.0691 0.971618 0.0119634  
0.0163344 0.0691838 0.971702 0.0119638  
0.0162509 0.069267 0.971785 0.0119641  
0.0161679 0.0693499 0.971868 0.0119645  
0.0160853 0.0694323 0.97195 0.0119649  
0.0160031 0.0695143 0.972032 0.0119652  
0.0159213 0.0695959 0.972113 0.0119656  
0.01584 0.0696771 0.972194 0.0119659  
0.015759 0.0697578 0.972275 0.0119663  
0.0156785 0.0698382 0.972355 0.0119666  
0.0155984 0.0699181 0.972435 0.011967  
0.0155187 0.0699976 0.972514 0.0119673  
0.0154395 0.0700767 0.972593 0.0119676  
0.0153606 0.0701554 0.972671 0.011968  
0.0152821 0.0702337 0.97275 0.0119683  
0.0152041 0.0703116 0.972827 0.0119686  
0.0151264 0.0703891 0.972905 0.011969  
0.0150491 0.0704662 0.972982 0.0119693  
0.0149723 0.0705429 0.973058 0.0119696  
0.0148958 0.0706193 0.973134 0.0119699  
0.0148197 0.0706952 0.97321 0.0119702  
0.014744 0.0707707 0.973285 0.0119705  
0.0146687 0.0708459 0.97336 0.0119708  
0.0145938 0.0709207 0.973435 0.0119711  
0.0145192 0.070995 0.973509 0.0119714  
0.0144451 0.0710691 0.973583 0.0119717  
0.0143713 0.0711427 0.973657 0.011972  
0.0142979 0.0712159 0.97373 0.0119723  
0.0142249 0.0712888 0.973803 0.0119726  
0.0141523 0.0713613 0.973875 0.0119729  
0.01408 0.0714334 0.973947 0.0119731  
0.0140081 0.0715052 0.974018 0.0119734  
0.0139366 0.0715766 0.97409 0.0119737  
0.0138654 0.0716476 0.974161 0.011974  
0.0137946 0.0717183 0.974231 0.0119742  
0.0137242 0.0717886 0.974301 0.0119745  
0.0136541 0.0718585 0.974371 0.0119748  
0.0135844 0.0719281 0.974441 0.011975  
0.013515 0.0719974 0.97451 0.0119753  
0.013446 0.0720662 0.974578 0.0119755  
0.0133773 0.0721348 0.974647 0.0119758  
0.013309 0.0722029 0.974715 0.011976  
0.0132411 0.0722708 0.974783 0.0119763  
0.0131735 0.0723382 0.97485 0.0119765  
0.0131062 0.0724054 0.974917 0.0119768  
0.0130393 0.0724722 0.974984 0.011977  
0.0129728 0.0725386 0.97505 0.0119772  
0.0129065 0.0726047 0.975116 0.0119775  
0.0128406 0.0726705 0.975182 0.0119777  
0.0127751 0.0727359 0.975247 0.0119779  
0.0127099 0.072801 0.975312 0.0119782  
0.012645 0.0728658 0.975377 0.0119784  
0.0125805 0.0729302 0.975441 0.0119786  
0.0125162 0.0729943 0.975505 0.0119788  
0.0124523 0.0730581 0.975569 0.011979  
0.0123888 0.0731216 0.975632 0.0119793  
0.0123256 0.0731847 0.975695 0.0119795  
0.0122626 0.0732475 0.975758 0.0119797  
0.0122 0.07331 0.97582 0.0119799  
0.0121378 0.0733722 0.975882 0.0119801  
0.0120758 0.073434 0.975944 0.0119803  
0.0120142 0.0734955 0.976005 0.0119805  
0.0119529 0.0735568 0.976066 0.0119807  
0.0118919 0.0736177 0.976127 0.0119809  
0.0118312 0.0736783 0.976188 0.0119811  
0.0117708 0.0737385 0.976248 0.0119813  
0.0117107 0.0737985 0.976308 0.0119815  
0.011651 0.0738582 0.976367 0.0119817  
0.0115915 0.0739175 0.976427 0.0119819  
0.0115324 0.0739766 0.976486 0.0119821  
0.0114735 0.0740354 0.976544 0.0119823  
0.011415 0.0740938 0.976603 0.0119824  
0.0113567 0.074152 0.976661 0.0119826  
0.0112988 0.0742098 0.976718 0.0119828  
0.0112411 0.0742674 0.976776 0.011983  
0.0111837 0.0743247 0.976833 0.0119832  
0.0111267 0.0743817 0.97689 0.0119833  
0.0110699 0.0744383 0.976947 0.0119835  
0.0110134 0.0744947 0.977003 0.0119837  
0.0109572 0.0745508 0.977059 0.0119838  
0.0109013 0.0746067 0.977115 0.011984  
0.0108457 0.0746622 0.97717 0.0119842  
0.0107904 0.0747175 0.977225 0.0119843  
0.0107353 0.0747724 0.97728 0.0119845  
0.0106805 0.0748271 0.977335 0.0119847  
0.0106261 0.0748815 0.977389 0.0119848  
0.0105718 0.0749357 0.977443 0.011985  
0.0105179 0.0749895 0.977497 0.0119851  
0.0104642 0.0750431 0.97755 0.0119853  
0.0104109 0.0750964 0.977604 0.0119854  
0.0103578 0.0751494 0.977657 0.0119856  
0.0103049 0.0752022 0.977709 0.0119857  
0.0102523 0.0752547 0.977762 0.0119859  
0.0102 0.0753069 0.977814 0.011986  
0.010148 0.0753589 0.977866 0.0119862  
0.0100962 0.0754106 0.977917 0.0119863  
0.0100447 0.075462 0.977969 0.0119865  
0.00999351 0.0755132 0.97802 0.0119866  
0.00994253 0.0755641 0.978071 0.0119867  
0.00989182 0.0756147 0.978121 0.0119869  
0.00984136 0.0756651 0.978172 0.011987  
0.00979116 0.0757153 0.978222 0.0119872  
0.00974122 0.0757651 0.978271 0.0119873  
0.00969154 0.0758148 0.978321 0.0119874  
0.0096421 0.0758641 0.97837 0.0119876  
0.00959293 0.0759132 0.978419 0.0119877  
0.009544 0.0759621 0.978468 0.0119878  
0.00949532 0.0760107 0.978517 0.0119879  
0.00944689 0.0760591 0.978565 0.0119881  
0.00939871 0.0761072 0.978613 0.0119882  
0.00935078 0.0761551 0.978661 0.0119883  
0.00930309 0.0762027 0.978708 0.0119884  
0.00925564 0.0762501 0.978756 0.0119886  
0.00920844 0.0762972 0.978803 0.0119887  
0.00916148 0.0763441 0.97885 0.0119888  
0.00911476 0.0763908 0.978896 0.0119889  
0.00906828 0.0764372 0.978943 0.011989  
0.00902203 0.0764834 0.978989 0.0119891  
0.00897602 0.0765294 0.979035 0.0119893  
0.00893025 0.0765751 0.97908 0.0119894  
0.00888471 0.0766206 0.979126 0.0119895  
0.0088394 0.0766658 0.979171 0.0119896  
0.00879433 0.0767108 0.979216 0.0119897  
0.00874948 0.0767556 0.979261 0.0119898  
0.00870487 0.0768002 0.979305 0.0119899  
0.00866048 0.0768445 0.97935 0.01199  
0.00861632 0.0768886 0.979394 0.0119901  
0.00857239 0.0769325 0.979437 0.0119902  
0.00852868 0.0769762 0.979481 0.0119903  
0.00848519 0.0770196 0.979524 0.0119904  
0.00844193 0.0770628 0.979568 0.0119905  
0.00839888 0.0771058 0.97961 0.0119906  
0.00835606 0.0771486 0.979653 0.0119907  
0.00831345 0.0771911 0.979696 0.0119908  
0.00827107 0.0772335 0.979738 0.0119909  
0.0082289 0.0772756 0.97978 0.011991  
0.00818694 0.0773175 0.979822 0.0119911  
0.0081452 0.0773592 0.979864 0.0119912  
0.00810368 0.0774007 0.979905 0.0119913  
0.00806236 0.0774419 0.979946 0.0119914  
0.00802126 0.077483 0.979987 0.0119915  
0.00798036 0.0775239 0.980028 0.0119916  
0.00793968 0.0775645 0.980069 0.0119917  
0.0078992 0.0776049 0.980109 0.0119917  
0.00785893 0.0776452 0.980149 0.0119918  
0.00781887 0.0776852 0.980189 0.0119919  
0.00777901 0.077725 0.980229 0.011992  
0.00773935 0.0777646 0.980269 0.0119921  
0.0076999 0.077804 0.980308 0.0119922  
0.00766065 0.0778432 0.980347 0.0119923  
0.00762159 0.0778822 0.980386 0.0119923  
0.00758274 0.0779211 0.980425 0.0119924  
0.00754409 0.0779597 0.980463 0.0119925  
0.00750563 0.0779981 0.980502 0.0119926  
0.00746737 0.0780363 0.98054 0.0119927  
0.00742931 0.0780743 0.980578 0.0119927  
0.00739144 0.0781122 0.980616 0.0119928  
0.00735376 0.0781498 0.980653 0.0119929  
0.00731628 0.0781872 0.980691 0.011993  
0.00727899 0.0782245 0.980728 0.011993  
0.00724188 0.0782616 0.980765 0.0119931  
0.00720497 0.0782984 0.980802 0.0119932  
0.00716825 0.0783351 0.980838 0.0119933  
0.00713171 0.0783716 0.980875 0.0119933  
0.00709536 0.0784079 0.980911 0.0119934  
0.0070592 0.0784441 0.980947 0.0119935  
0.00702322 0.07848 0.980983 0.0119935  
0.00698742 0.0785158 0.981019 0.0119936  
0.00695181 0.0785514 0.981055 0.0119937  
0.00691638 0.0785868 0.98109 0.0119937  
0.00688113 0.078622 0.981125 0.0119938  
0.00684606 0.078657 0.98116 0.0119939  
0.00681117 0.0786919 0.981195 0.0119939  
0.00677645 0.0787265 0.98123 0.011994  
0.00674192 0.0787611 0.981264 0.0119941  
0.00670756 0.0787954 0.981298 0.0119941  
0.00667337 0.0788295 0.981332 0.0119942  
0.00663936 0.0788635 0.981366 0.0119943  
0.00660553 0.0788973 0.9814 0.0119943  
0.00657187 0.0789309 0.981434 0.0119944  
0.00653837 0.0789644 0.981467 0.0119944  
0.00650505 0.0789977 0.9815 0.0119945  
0.0064719 0.0790308 0.981534 0.0119946  
0.00643892 0.0790638 0.981566 0.0119946  
0.00640611 0.0790966 0.981599 0.0119947  
0.00637346 0.0791292 0.981632 0.0119947  
0.00634099 0.0791616 0.981664 0.0119948  
0.00630867 0.0791939 0.981696 0.0119948  
0.00627653 0.079226 0.981729 0.0119949  
0.00624454 0.079258 0.981761 0.011995  
0.00621272 0.0792898 0.981792 0.011995  
0.00618106 0.0793214 0.981824 0.0119951  
0.00614957 0.0793529 0.981855 0.0119951  
0.00611823 0.0793842 0.981887 0.0119952  
0.00608706 0.0794153 0.981918 0.0119952  
0.00605604 0.0794463 0.981949 0.0119953  
0.00602518 0.0794772 0.981979 0.0119953  
0.00599448 0.0795078 0.98201 0.0119954  
0.00596394 0.0795384 0.982041 0.0119954  
0.00593355 0.0795687 0.982071 0.0119955  
0.00590332 0.0795989 0.982101 0.0119955  
0.00587324 0.079629 0.982131 0.0119956  
0.00584331 0.0796589 0.982161 0.0119956  
0.00581354 0.0796886 0.982191 0.0119957  
0.00578392 0.0797182 0.98222 0.0119957  
0.00575445 0.0797477 0.98225 0.0119958  
0.00572513 0.079777 0.982279 0.0119958  
0.00569596 0.0798061 0.982308 0.0119958  
0.00566694 0.0798351 0.982337 0.0119959  
0.00563807 0.079864 0.982366 0.0119959  
0.00560934 0.0798927 0.982395 0.011996  
0.00558076 0.0799212 0.982423 0.011996  
0.00555233 0.0799496 0.982452 0.0119961  
0.00552404 0.0799779 0.98248 0.0119961  
0.0054959 0.080006 0.982508 0.0119962  
0.0054679 0.080034 0.982536 0.0119962  
0.00544004 0.0800618 0.982564 0.0119962  
0.00541233 0.0800895 0.982591 0.0119963  
0.00538476 0.0801171 0.982619 0.0119963  
0.00535732 0.0801445 0.982646 0.0119964  
0.00533003 0.0801718 0.982674 0.0119964  
0.00530288 0.0801989 0.982701 0.0119964  
0.00527586 0.0802259 0.982728 0.0119965  
0.00524899 0.0802528 0.982754 0.0119965  
0.00522225 0.0802795 0.982781 0.0119966  
0.00519564 0.0803061 0.982808 0.0119966  
0.00516917 0.0803325 0.982834 0.0119966  
0.00514284 0.0803588 0.98286 0.0119967  
0.00511664 0.080385 0.982887 0.0119967  
0.00509058 0.080411 0.982913 0.0119967  
0.00506465 0.080437 0.982939 0.0119968  
0.00503885 0.0804627 0.982964 0.0119968  
0.00501318 0.0804884 0.98299 0.0119969  
0.00498764 0.0805139 0.983015 0.0119969  
0.00496223 0.0805393 0.983041 0.0119969  
0.00493696 0.0805646 0.983066 0.011997  
0.00491181 0.0805897 0.983091 0.011997  
0.00488679 0.0806147 0.983116 0.011997  
0.0048619 0.0806396 0.983141 0.0119971  
0.00483713 0.0806643 0.983166 0.0119971  
0.00481249 0.0806889 0.98319 0.0119971  
0.00478798 0.0807134 0.983215 0.0119972  
0.00476359 0.0807378 0.983239 0.0119972  
0.00473933 0.0807621 0.983263 0.0119972  
0.00471519 0.0807862 0.983288 0.0119973  
0.00469117 0.0808102 0.983312 0.0119973  
0.00466727 0.0808341 0.983335 0.0119973  
0.0046435 0.0808578 0.983359 0.0119973  
0.00461985 0.0808815 0.983383 0.0119974  
0.00459632 0.080905 0.983406 0.0119974  
0.00457291 0.0809284 0.98343 0.0119974  
0.00454962 0.0809517 0.983453 0.0119975  
0.00452644 0.0809748 0.983476 0.0119975  
0.00450339 0.0809979 0.983499 0.0119975  
0.00448045 0.0810208 0.983522 0.0119975  
0.00445763 0.0810436 0.983545 0.0119976  
0.00443493 0.0810663 0.983567 0.0119976  
0.00441234 0.0810888 0.98359 0.0119976  
0.00438987 0.0811113 0.983612 0.0119977  
0.00436751 0.0811336 0.983635 0.0119977  
0.00434527 0.0811559 0.983657 0.0119977  
0.00432313 0.081178 0.983679 0.0119977  
0.00430112 0.0812 0.983701 0.0119978  
0.00427921 0.0812219 0.983723 0.0119978  
0.00425742 0.0812437 0.983745 0.0119978  
0.00423573 0.0812653 0.983766 0.0119978  
0.00421416 0.0812869 0.983788 0.0119979  
0.0041927 0.0813084 0.983809 0.0119979  
0.00417135 0.0813297 0.983831 0.0119979  
0.0041501 0.0813509 0.983852 0.0119979  
0.00412897 0.0813721 0.983873 0.011998  
0.00410794 0.0813931 0.983894 0.011998  
0.00408702 0.081414 0.983915 0.011998  
0.00406621 0.0814348 0.983936 0.011998  
0.0040455 0.0814555 0.983956 0.0119981  
0.0040249 0.0814761 0.983977 0.0119981  
0.0040044 0.0814966 0.983998 0.0119981  
0.00398401 0.0815169 0.984018 0.0119981  
0.00396372 0.0815372 0.984038 0.0119981  
0.00394353 0.0815574 0.984058 0.0119982  
0.00392345 0.0815775 0.984078 0.0119982  
0.00390347 0.0815974 0.984098 0.0119982  
0.00388359 0.0816173 0.984118 0.0119982  
0.00386381 0.0816371 0.984138 0.0119983  
0.00384414 0.0816567 0.984158 0.0119983  
0.00382456 0.0816763 0.984177 0.0119983  
0.00380509 0.0816958 0.984197 0.0119983  
0.00378571 0.0817151 0.984216 0.0119983  
0.00376643 0.0817344 0.984235 0.0119984  
0.00374725 0.0817536 0.984254 0.0119984  
0.00372817 0.0817726 0.984273 0.0119984  
0.00370919 0.0817916 0.984292 0.0119984  
0.0036903 0.0818105 0.984311 0.0119984  
0.00367151 0.0818293 0.98433 0.0119985  
0.00365281 0.081848 0.984349 0.0119985  
0.00363421 0.0818665 0.984367 0.0119985  
0.0036157 0.081885 0.984386 0.0119985  
0.00359729 0.0819034 0.984404 0.0119985  
0.00357898 0.0819218 0.984422 0.0119985  
0.00356075 0.08194 0.984441 0.0119986  
0.00354262 0.0819581 0.984459 0.0119986  
0.00352458 0.0819761 0.984477 0.0119986  
0.00350663 0.0819941 0.984495 0.0119986  
0.00348878 0.0820119 0.984513 0.0119986  
0.00347101 0.0820297 0.98453 0.0119986  
0.00345334 0.0820473 0.984548 0.0119987  
0.00343576 0.0820649 0.984566 0.0119987  
0.00341826 0.0820824 0.984583 0.0119987  
0.00340086 0.0820998 0.9846 0.0119987  
0.00338354 0.0821171 0.984618 0.0119987  
0.00336631 0.0821343 0.984635 0.0119987  
0.00334917 0.0821514 0.984652 0.0119988  
0.00333212 0.0821685 0.984669 0.0119988  
0.00331515 0.0821854 0.984686 0.0119988  
0.00329827 0.0822023 0.984703 0.0119988  
0.00328148 0.0822191 0.98472 0.0119988  
0.00326477 0.0822358 0.984736 0.0119988  
0.00324815 0.0822524 0.984753 0.0119989  
0.00323161 0.082269 0.98477 0.0119989  
0.00321516 0.0822854 0.984786 0.0119989  
0.00319879 0.0823018 0.984802 0.0119989  
0.0031825 0.082318 0.984819 0.0119989  
0.0031663 0.0823342 0.984835 0.0119989  
0.00315018 0.0823504 0.984851 0.0119989  
0.00313414 0.0823664 0.984867 0.011999  
0.00311818 0.0823823 0.984883 0.011999  
0.00310231 0.0823982 0.984899 0.011999  
0.00308651 0.082414 0.984914 0.011999  
0.0030708 0.0824297 0.98493 0.011999  
0.00305516 0.0824453 0.984946 0.011999  
0.00303961 0.0824609 0.984961 0.011999  
0.00302413 0.0824763 0.984977 0.011999  
0.00300874 0.0824917 0.984992 0.0119991  
0.00299342 0.082507 0.985008 0.0119991  
0.00297818 0.0825223 0.985023 0.0119991  
0.00296302 0.0825374 0.985038 0.0119991  
0.00294793 0.0825525 0.985053 0.0119991  
0.00293292 0.0825675 0.985068 0.0119991  
0.00291799 0.0825824 0.985083 0.0119991  
0.00290313 0.0825973 0.985098 0.0119991  
0.00288835 0.0826121 0.985112 0.0119992  
0.00287365 0.0826268 0.985127 0.0119992  
0.00285902 0.0826414 0.985142 0.0119992  
0.00284446 0.0826559 0.985156 0.0119992  
0.00282998 0.0826704 0.985171 0.0119992  
0.00281558 0.0826848 0.985185 0.0119992  
0.00280124 0.0826991 0.9852 0.0119992  
0.00278698 0.0827134 0.985214 0.0119992  
0.00277279 0.0827276 0.985228 0.0119992  
0.00275868 0.0827417 0.985242 0.0119993  
0.00274463 0.0827557 0.985256 0.0119993  
0.00273066 0.0827697 0.98527 0.0119993  
0.00271676 0.0827836 0.985284 0.0119993  
0.00270293 0.0827974 0.985298 0.0119993  
0.00268917 0.0828112 0.985312 0.0119993  
0.00267548 0.0828249 0.985325 0.0119993  
0.00266186 0.0828385 0.985339 0.0119993  
0.00264831 0.082852 0.985352 0.0119993  
0.00263483 0.0828655 0.985366 0.0119993  
0.00262141 0.0828789 0.985379 0.0119994  
0.00260807 0.0828922 0.985393 0.0119994  
0.00259479 0.0829055 0.985406 0.0119994  
0.00258158 0.0829187 0.985419 0.0119994  
0.00256844 0.0829319 0.985432 0.0119994  
0.00255537 0.0829449 0.985445 0.0119994  
0.00254236 0.0829579 0.985458 0.0119994  
0.00252942 0.0829709 0.985471 0.0119994  
0.00251654 0.0829837 0.985484 0.0119994  
0.00250373 0.0829966 0.985497 0.0119994  
0.00249098 0.0830093 0.98551 0.0119994  
0.0024783 0.083022 0.985522 0.0119995  
0.00246569 0.0830346 0.985535 0.0119995  
0.00245314 0.0830471 0.985547 0.0119995  
0.00244065 0.0830596 0.98556 0.0119995  
0.00242823 0.083072 0.985572 0.0119995  
0.00241586 0.0830844 0.985585 0.0119995  
0.00240357 0.0830967 0.985597 0.0119995  
0.00239133 0.0831089 0.985609 0.0119995  
0.00237916 0.0831211 0.985621 0.0119995  
0.00236705 0.0831332 0.985633 0.0119995  
0.002355 0.0831452 0.985645 0.0119995  
0.00234301 0.0831572 0.985657 0.0119995  
0.00233109 0.0831691 0.985669 0.0119996  
0.00231922 0.083181 0.985681 0.0119996  
0.00230741 0.0831928 0.985693 0.0119996  
0.00229567 0.0832045 0.985705 0.0119996  
0.00228398 0.0832162 0.985716 0.0119996  
0.00227236 0.0832278 0.985728 0.0119996  
0.00226079 0.0832394 0.98574 0.0119996  
0.00224928 0.0832509 0.985751 0.0119996  
0.00223783 0.0832624 0.985763 0.0119996  
0.00222644 0.0832737 0.985774 0.0119996  
0.00221511 0.0832851 0.985785 0.0119996  
0.00220384 0.0832963 0.985797 0.0119996  
0.00219262 0.0833076 0.985808 0.0119996  
0.00218146 0.0833187 0.985819 0.0119996  
0.00217035 0.0833298 0.98583 0.0119997  
0.00215931 0.0833409 0.985841 0.0119997  
0.00214831 0.0833519 0.985852 0.0119997  
0.00213738 0.0833628 0.985863 0.0119997  
0.0021265 0.0833737 0.985874 0.0119997  
0.00211568 0.0833845 0.985885 0.0119997  
0.00210491 0.0833952 0.985895 0.0119997  
0.00209419 0.083406 0.985906 0.0119997  
0.00208354 0.0834166 0.985917 0.0119997  
0.00207293 0.0834272 0.985927 0.0119997  
0.00206238 0.0834378 0.985938 0.0119997  
0.00205188 0.0834483 0.985948 0.0119997  
0.00204144 0.0834587 0.985959 0.0119997  
0.00203105 0.0834691 0.985969 0.0119997  
0.00202071 0.0834794 0.98598 0.0119997  
0.00201042 0.0834897 0.98599 0.0119997  
0.00200019 0.0834999 0.986 0.0119998  
0.00199001 0.0835101 0.98601 0.0119998  
0.00197988 0.0835202 0.98602 0.0119998  
0.00196981 0.0835303 0.98603 0.0119998  
0.00195978 0.0835403 0.98604 0.0119998  
0.0019498 0.0835503 0.98605 0.0119998  
0.00193988 0.0835602 0.98606 0.0119998  
0.00193001 0.0835701 0.98607 0.0119998  
0.00192018 0.0835799 0.98608 0.0119998  
0.00191041 0.0835897 0.98609 0.0119998  
0.00190069 0.0835994 0.9861 0.0119998  
0.00189101 0.0836091 0.986109 0.0119998  
0.00188139 0.0836187 0.986119 0.0119998  
0.00187181 0.0836283 0.986128 0.0119998  
0.00186229 0.0836378 0.986138 0.0119998  
0.00185281 0.0836473 0.986147 0.0119998  
0.00184338 0.0836567 0.986157 0.0119998  
0.001834 0.0836661 0.986166 0.0119998  
0.00182466 0.0836754 0.986175 0.0119998  
0.00181538 0.0836847 0.986185 0.0119998  
0.00180614 0.0836939 0.986194 0.0119999  
0.00179694 0.0837031 0.986203 0.0119999  
0.0017878 0.0837123 0.986212 0.0119999  
0.0017787 0.0837214 0.986221 0.0119999  
0.00176965 0.0837304 0.98623 0.0119999  
0.00176064 0.0837394 0.986239 0.0119999  
0.00175168 0.0837484 0.986248 0.0119999  
0.00174276 0.0837573 0.986257 0.0119999  
0.00173389 0.0837662 0.986266 0.0119999  
0.00172507 0.083775 0.986275 0.0119999  
0.00171629 0.0837838 0.986284 0.0119999  
0.00170756 0.0837925 0.986293 0.0119999  
0.00169886 0.0838012 0.986301 0.0119999  
0.00169022 0.0838098 0.98631 0.0119999  
0.00168162 0.0838184 0.986318 0.0119999  
0.00167306 0.083827 0.986327 0.0119999  
0.00166454 0.0838355 0.986336 0.0119999  
0.00165607 0.083844 0.986344 0.0119999  
0.00164764 0.0838524 0.986352 0.0119999  
0.00163926 0.0838608 0.986361 0.0119999  
0.00163092 0.0838691 0.986369 0.0119999  
0.00162262 0.0838774 0.986377 0.0119999  
0.00161436 0.0838857 0.986386 0.0119999  
0.00160614 0.0838939 0.986394 0.0119999  
0.00159797 0.0839021 0.986402 0.012  
0.00158984 0.0839102 0.98641 0.012  
0.00158174 0.0839183 0.986418 0.012  
0.00157369 0.0839263 0.986426 0.012  
0.00156569 0.0839343 0.986434 0.012  
0.00155772 0.0839423 0.986442 0.012  
0.00154979 0.0839502 0.98645 0.012  
0.0015419 0.0839581 0.986458 0.012  
0.00153406 0.083966 0.986466 0.012  
0.00152625 0.0839738 0.986474 0.012  
0.00151848 0.0839815 0.986482 0.012  
0.00151075 0.0839893 0.986489 0.012  
0.00150307 0.0839969 0.986497 0.012  
0.00149542 0.0840046 0.986505 0.012  
0.00148781 0.0840122 0.986512 0.012  
0.00148023 0.0840198 0.98652 0.012  
0.0014727 0.0840273 0.986527 0.012  
0.00146521 0.0840348 0.986535 0.012  
0.00145775 0.0840422 0.986542 0.012  
0.00145033 0.0840497 0.98655 0.012  
0.00144295 0.084057 0.986557 0.012  
0.00143561 0.0840644 0.986564 0.012  
0.0014283 0.0840717 0.986572 0.012  
0.00142103 0.084079 0.986579 0.012  
0.0014138 0.0840862 0.986586 0.012  
0.00140661 0.0840934 0.986593 0.012  
0.00139945 0.0841005 0.986601 0.012  
0.00139233 0.0841077 0.986608 0.012  
0.00138524 0.0841147 0.986615 0.012  
0.00137819 0.0841218 0.986622 0.012  
0.00137118 0.0841288 0.986629 0.012  
0.0013642 0.0841358 0.986636 0.012  
0.00135726 0.0841427 0.986643 0.012  
0.00135035 0.0841496 0.98665 0.0120001  
0.00134348 0.0841565 0.986656 0.0120001  
0.00133664 0.0841633 0.986663 0.0120001  
0.00132984 0.0841701 0.98667 0.0120001  
0.00132307 0.0841769 0.986677 0.0120001  
0.00131634 0.0841836 0.986684 0.0120001  
0.00130964 0.0841903 0.98669 0.0120001  
0.00130298 0.084197 0.986697 0.0120001  
0.00129635 0.0842036 0.986704 0.0120001  
0.00128975 0.0842102 0.98671 0.0120001  
0.00128319 0.0842168 0.986717 0.0120001  
0.00127666 0.0842233 0.986723 0.0120001  
0.00127016 0.0842298 0.98673 0.0120001  
0.0012637 0.0842363 0.986736 0.0120001  
0.00125727 0.0842427 0.986743 0.0120001  
0.00125087 0.0842491 0.986749 0.0120001  
0.0012445 0.0842555 0.986755 0.0120001  
0.00123817 0.0842618 0.986762 0.0120001  
0.00123187 0.0842681 0.986768 0.0120001  
0.0012256 0.0842744 0.986774 0.0120001  
0.00121936 0.0842806 0.986781 0.0120001  
0.00121316 0.0842868 0.986787 0.0120001  
0.00120698 0.084293 0.986793 0.0120001  
0.00120084 0.0842991 0.986799 0.0120001  
0.00119473 0.0843052 0.986805 0.0120001  
0.00118865 0.0843113 0.986811 0.0120001  
0.0011826 0.0843173 0.986817 0.0120001  
0.00117659 0.0843234 0.986823 0.0120001  
0.0011706 0.0843293 0.986829 0.0120001  
0.00116464 0.0843353 0.986835 0.0120001  
0.00115872 0.0843412 0.986841 0.0120001  
0.00115282 0.0843471 0.986847 0.0120001  
0.00114695 0.084353 0.986853 0.0120001  
0.00114112 0.0843588 0.986859 0.0120001  
0.00113531 0.0843646 0.986865 0.0120001  
0.00112953 0.0843704 0.98687 0.0120001  
0.00112378 0.0843762 0.986876 0.0120001  
0.00111807 0.0843819 0.986882 0.0120001  
0.00111238 0.0843876 0.986887 0.0120001  
0.00110672 0.0843932 0.986893 0.0120001  
0.00110109 0.0843988 0.986899 0.0120001  
0.00109548 0.0844044 0.986904 0.0120001  
0.00108991 0.08441 0.98691 0.0120001  
0.00108436 0.0844156 0.986915 0.0120001  
0.00107884 0.0844211 0.986921 0.0120001  
0.00107335 0.0844266 0.986927 0.0120001  
0.00106789 0.084432 0.986932 0.0120001  
0.00106246 0.0844375 0.986937 0.0120001  
0.00105705 0.0844429 0.986943 0.0120001  
0.00105167 0.0844483 0.986948 0.0120001  
0.00104632 0.0844536 0.986954 0.0120002  
0.001041 0.0844589 0.986959 0.0120002  
0.0010357 0.0844642 0.986964 0.0120002  
0.00103043 0.0844695 0.986969 0.0120002  
0.00102519 0.0844747 0.986975 0.0120002  
0.00101997 0.0844799 0.98698 0.0120002  
0.00101478 0.0844851 0.986985 0.0120002  
0.00100962 0.0844903 0.98699 0.0120002  
0.00100448 0.0844954 0.986995 0.0120002  
0.000999368 0.0845005 0.987 0.0120002  
0.000994283 0.0845056 0.987006 0.0120002  
0.000989224 0.0845107 0.987011 0.0120002  
0.00098419 0.0845157 0.987016 0.0120002  
0.000979182 0.0845207 0.987021 0.0120002  
0.0009742 0.0845257 0.987026 0.0120002  
0.000969243 0.0845307 0.987031 0.0120002  
0.000964311 0.0845356 0.987036 0.0120002  
0.000959404 0.0845405 0.98704 0.0120002  
0.000954522 0.0845454 0.987045 0.0120002  
0.000949666 0.0845502 0.98705 0.0120002  
0.000944833 0.0845551 0.987055 0.0120002  
0.000940026 0.0845599 0.98706 0.0120002  
0.000935243 0.0845647 0.987065 0.0120002  
0.000930484 0.0845694 0.987069 0.0120002  
0.000925749 0.0845742 0.987074 0.0120002  
0.000921039 0.0845789 0.987079 0.0120002  
0.000916352 0.0845836 0.987083 0.0120002  
0.000911689 0.0845882 0.987088 0.0120002  
0.000907051 0.0845929 0.987093 0.0120002  
0.000902435 0.0845975 0.987097 0.0120002  
0.000897843 0.0846021 0.987102 0.0120002  
0.000893275 0.0846066 0.987107 0.0120002  
0.00088873 0.0846112 0.987111 0.0120002  
0.000884208 0.0846157 0.987116 0.0120002  
0.000879709 0.0846202 0.98712 0.0120002  
0.000875232 0.0846247 0.987125 0.0120002  
0.000870779 0.0846291 0.987129 0.0120002  
0.000866348 0.0846336 0.987133 0.0120002  
0.00086194 0.084638 0.987138 0.0120002  
0.000857554 0.0846423 0.987142 0.0120002  
0.000853191 0.0846467 0.987147 0.0120002  
0.00084885 0.084651 0.987151 0.0120002  
0.000844531 0.0846554 0.987155 0.0120002  
0.000840233 0.0846597 0.98716 0.0120002  
0.000835958 0.0846639 0.987164 0.0120002  
0.000831705 0.0846682 0.987168 0.0120002  
0.000827473 0.0846724 0.987172 0.0120002  
0.000823263 0.0846766 0.987177 0.0120002  
0.000819074 0.0846808 0.987181 0.0120002  
0.000814906 0.084685 0.987185 0.0120002  
0.00081076 0.0846891 0.987189 0.0120002  
0.000806634 0.0846933 0.987193 0.0120002  
0.00080253 0.0846974 0.987197 0.0120002  
0.000798447 0.0847014 0.987201 0.0120002  
0.000794384 0.0847055 0.987205 0.0120002  
0.000790342 0.0847095 0.987209 0.0120002  
0.000786321 0.0847136 0.987213 0.0120002  
0.00078232 0.0847176 0.987217 0.0120002  
0.00077834 0.0847216 0.987221 0.0120002  
0.000774379 0.0847255 0.987225 0.0120002  
0.000770439 0.0847295 0.987229 0.0120002  
0.000766519 0.0847334 0.987233 0.0120002  
0.000762619 0.0847373 0.987237 0.0120002  
0.000758739 0.0847411 0.987241 0.0120002  
0.000754878 0.084745 0.987245 0.0120002  
0.000751037 0.0847489 0.987249 0.0120002  
0.000747216 0.0847527 0.987253 0.0120002  
0.000743414 0.0847565 0.987256 0.0120002  
0.000739632 0.0847603 0.98726 0.0120002  
0.000735868 0.084764 0.987264 0.0120002  
0.000732124 0.0847678 0.987268 0.0120002  
0.000728399 0.0847715 0.987271 0.0120002  
0.000724693 0.0847752 0.987275 0.0120002  
0.000721006 0.0847789 0.987279 0.0120002  
0.000717337 0.0847825 0.987282 0.0120002  
0.000713687 0.0847862 0.987286 0.0120002  
0.000710056 0.0847898 0.98729 0.0120002  
0.000706443 0.0847934 0.987293 0.0120002  
0.000702849 0.084797 0.987297 0.0120002  
0.000699273 0.0848006 0.9873 0.0120002  
0.000695715 0.0848042 0.987304 0.0120002  
0.000692175 0.0848077 0.987308 0.0120002  
0.000688653 0.0848112 0.987311 0.0120002  
0.00068515 0.0848147 0.987315 0.0120002  
0.000681664 0.0848182 0.987318 0.0120002  
0.000678195 0.0848217 0.987322 0.0120002  
0.000674745 0.0848251 0.987325 0.0120002  
0.000671312 0.0848286 0.987328 0.0120002  
0.000667896 0.084832 0.987332 0.0120002  
0.000664498 0.0848354 0.987335 0.0120002  
0.000661117 0.0848388 0.987339 0.0120002  
0.000657753 0.0848421 0.987342 0.0120002  
0.000654407 0.0848455 0.987345 0.0120002  
0.000651077 0.0848488 0.987349 0.0120002  
0.000647764 0.0848521 0.987352 0.0120002  
0.000644469 0.0848554 0.987355 0.0120002  
0.00064119 0.0848587 0.987359 0.0120002  
0.000637927 0.0848619 0.987362 0.0120002  
0.000634682 0.0848652 0.987365 0.0120002  
0.000631452 0.0848684 0.987368 0.0120002  
0.00062824 0.0848716 0.987372 0.0120002  
0.000625043 0.0848748 0.987375 0.0120002  
0.000621863 0.084878 0.987378 0.0120002  
0.000618699 0.0848812 0.987381 0.0120002  
0.000615551 0.0848843 0.987384 0.0120002  
0.000612419 0.0848875 0.987387 0.0120003  
0.000609303 0.0848906 0.98739 0.0120003  
0.000606203 0.0848937 0.987394 0.0120003  
0.000603119 0.0848968 0.987397 0.0120003  
0.000600051 0.0848998 0.9874 0.0120003  
0.000596998 0.0849029 0.987403 0.0120003  
0.00059396 0.0849059 0.987406 0.0120003  
0.000590938 0.0849089 0.987409 0.0120003  
0.000587932 0.0849119 0.987412 0.0120003  
0.00058494 0.0849149 0.987415 0.0120003  
0.000581964 0.0849179 0.987418 0.0120003  
0.000579003 0.0849209 0.987421 0.0120003  
0.000576057 0.0849238 0.987424 0.0120003  
0.000573126 0.0849267 0.987427 0.0120003  
0.000570211 0.0849297 0.98743 0.0120003  
0.000567309 0.0849326 0.987432 0.0120003  
0.000564423 0.0849354 0.987435 0.0120003  
0.000561551 0.0849383 0.987438 0.0120003  
0.000558694 0.0849412 0.987441 0.0120003  
0.000555852 0.084944 0.987444 0.0120003  
0.000553024 0.0849468 0.987447 0.0120003  
0.00055021 0.0849497 0.98745 0.0120003  
0.000547411 0.0849525 0.987452 0.0120003  
0.000544626 0.0849552 0.987455 0.0120003  
0.000541855 0.084958 0.987458 0.0120003  
0.000539098 0.0849608 0.987461 0.0120003  
0.000536355 0.0849635 0.987463 0.0120003  
0.000533626 0.0849662 0.987466 0.0120003  
0.000530911 0.084969 0.987469 0.0120003  
0.00052821 0.0849717 0.987472 0.0120003  
0.000525523 0.0849743 0.987474 0.0120003  
0.000522849 0.084977 0.987477 0.0120003  
0.000520189 0.0849797 0.98748 0.0120003  
0.000517542 0.0849823 0.987482 0.0120003  
0.000514909 0.084985 0.987485 0.0120003  
0.000512289 0.0849876 0.987487 0.0120003  
0.000509683 0.0849902 0.98749 0.0120003  
0.00050709 0.0849928 0.987493 0.0120003  
0.00050451 0.0849954 0.987495 0.0120003  
0.000501943 0.0849979 0.987498 0.0120003  
0.000499389 0.0850005 0.9875 0.0120003  
0.000496849 0.085003 0.987503 0.0120003  
0.000494321 0.0850055 0.987505 0.0120003  
0.000491806 0.0850081 0.987508 0.0120003  
0.000489304 0.0850106 0.98751 0.0120003  
0.000486814 0.0850131 0.987513 0.0120003  
0.000484338 0.0850155 0.987515 0.0120003  
0.000481873 0.085018 0.987518 0.0120003  
0.000479422 0.0850204 0.98752 0.0120003  
0.000476983 0.0850229 0.987523 0.0120003  
0.000474556 0.0850253 0.987525 0.0120003  
0.000472141 0.0850277 0.987528 0.0120003  
0.000469739 0.0850301 0.98753 0.0120003  
0.00046735 0.0850325 0.987532 0.0120003  
0.000464972 0.0850349 0.987535 0.0120003  
0.000462606 0.0850373 0.987537 0.0120003  
0.000460253 0.0850396 0.987539 0.0120003  
0.000457911 0.085042 0.987542 0.0120003  
0.000455581 0.0850443 0.987544 0.0120003  
0.000453263 0.0850466 0.987546 0.0120003  
0.000450957 0.0850489 0.987549 0.0120003  
0.000448663 0.0850512 0.987551 0.0120003  
0.00044638 0.0850535 0.987553 0.0120003  
0.000444109 0.0850558 0.987556 0.0120003  
0.00044185 0.085058 0.987558 0.0120003  
0.000439602 0.0850603 0.98756 0.0120003  
0.000437365 0.0850625 0.987562 0.0120003  
0.00043514 0.0850647 0.987565 0.0120003  
0.000432926 0.0850669 0.987567 0.0120003  
0.000430724 0.0850691 0.987569 0.0120003  
0.000428533 0.0850713 0.987571 0.0120003  
0.000426352 0.0850735 0.987573 0.0120003  
0.000424183 0.0850757 0.987576 0.0120003  
0.000422025 0.0850778 0.987578 0.0120003  
0.000419878 0.08508 0.98758 0.0120003  
0.000417742 0.0850821 0.987582 0.0120003  
0.000415617 0.0850842 0.987584 0.0120003  
0.000413502 0.0850864 0.987586 0.0120003  
0.000411398 0.0850885 0.987588 0.0120003  
0.000409305 0.0850906 0.98759 0.0120003  
0.000407223 0.0850926 0.987592 0.0120003  
0.000405151 0.0850947 0.987595 0.0120003  
0.00040309 0.0850968 0.987597 0.0120003  
0.000401039 0.0850988 0.987599 0.0120003  
0.000398999 0.0851009 0.987601 0.0120003  
0.000396969 0.0851029 0.987603 0.0120003  
0.000394949 0.0851049 0.987605 0.0120003  
0.00039294 0.0851069 0.987607 0.0120003  
0.000390941 0.0851089 0.987609 0.0120003  
0.000388952 0.0851109 0.987611 0.0120003  
0.000386973 0.0851129 0.987613 0.0120003  
0.000385004 0.0851149 0.987615 0.0120003  
0.000383046 0.0851168 0.987617 0.0120003  
0.000381097 0.0851188 0.987619 0.0120003  
0.000379158 0.0851207 0.987621 0.0120003  
0.000377229 0.0851226 0.987622 0.0120003  
0.00037531 0.0851245 0.987624 0.0120003  
0.000373401 0.0851265 0.987626 0.0120003  
0.000371501 0.0851284 0.987628 0.0120003  
0.000369611 0.0851302 0.98763 0.0120003  
0.00036773 0.0851321 0.987632 0.0120003  
0.00036586 0.085134 0.987634 0.0120003  
0.000363998 0.0851359 0.987636 0.0120003  
0.000362146 0.0851377 0.987638 0.0120003  
0.000360304 0.0851396 0.987639 0.0120003  
0.000358471 0.0851414 0.987641 0.0120003  
0.000356647 0.0851432 0.987643 0.0120003  
0.000354833 0.085145 0.987645 0.0120003  
0.000353028 0.0851468 0.987647 0.0120003  
0.000351231 0.0851486 0.987648 0.0120003  
0.000349445 0.0851504 0.98765 0.0120003  
0.000347667 0.0851522 0.987652 0.0120003  
0.000345898 0.085154 0.987654 0.0120003  
0.000344138 0.0851557 0.987656 0.0120003  
0.000342387 0.0851575 0.987657 0.0120003  
0.000340646 0.0851592 0.987659 0.0120003  
0.000338913 0.0851609 0.987661 0.0120003  
0.000337188 0.0851627 0.987663 0.0120003  
0.000335473 0.0851644 0.987664 0.0120003  
0.000333766 0.0851661 0.987666 0.0120003  
0.000332068 0.0851678 0.987668 0.0120003  
0.000330379 0.0851695 0.987669 0.0120003  
0.000328698 0.0851712 0.987671 0.0120003  
0.000327026 0.0851728 0.987673 0.0120003  
0.000325362 0.0851745 0.987674 0.0120003  
0.000323707 0.0851761 0.987676 0.0120003  
0.00032206 0.0851778 0.987678 0.0120003  
0.000320421 0.0851794 0.987679 0.0120003  
0.000318791 0.0851811 0.987681 0.0120003  
0.000317169 0.0851827 0.987683 0.0120003  
0.000315556 0.0851843 0.987684 0.0120003  
0.00031395 0.0851859 0.987686 0.0120003  
0.000312353 0.0851875 0.987687 0.0120003  
0.000310764 0.0851891 0.987689 0.0120003  
0.000309183 0.0851907 0.987691 0.0120003  
0.00030761 0.0851922 0.987692 0.0120003  
0.000306045 0.0851938 0.987694 0.0120003  
0.000304488 0.0851954 0.987695 0.0120003  
0.000302939 0.0851969 0.987697 0.0120003  
0.000301398 0.0851985 0.987698 0.0120003  
0.000299865 0.0852 0.9877 0.0120003  
0.000298339 0.0852015 0.987701 0.0120003  
0.000296821 0.085203 0.987703 0.0120003  
0.000295311 0.0852045 0.987704 0.0120003  
0.000293809 0.085206 0.987706 0.0120003  
0.000292314 0.0852075 0.987707 0.0120003  
0.000290827 0.085209 0.987709 0.0120003  
0.000289348 0.0852105 0.98771 0.0120003  
0.000287875 0.085212 0.987712 0.0120003  
0.000286411 0.0852134 0.987713 0.0120003  
0.000284954 0.0852149 0.987715 0.0120003  
0.000283504 0.0852164 0.987716 0.0120003  
0.000282062 0.0852178 0.987718 0.0120003  
0.000280627 0.0852192 0.987719 0.0120003  
0.000279199 0.0852207 0.987721 0.0120003  
0.000277779 0.0852221 0.987722 0.0120003  
0.000276366 0.0852235 0.987723 0.0120003  
0.00027496 0.0852249 0.987725 0.0120003  
0.000273561 0.0852263 0.987726 0.0120003  
0.000272169 0.0852277 0.987728 0.0120003  
0.000270785 0.0852291 0.987729 0.0120003  
0.000269407 0.0852304 0.98773 0.0120003  
0.000268036 0.0852318 0.987732 0.0120003  
0.000266673 0.0852332 0.987733 0.0120003  
0.000265316 0.0852345 0.987734 0.0120003  
0.000263966 0.0852359 0.987736 0.0120003  
0.000262623 0.0852372 0.987737 0.0120003  
0.000261287 0.0852386 0.987738 0.0120003  
0.000259958 0.0852399 0.98774 0.0120003  
0.000258636 0.0852412 0.987741 0.0120003  
0.00025732 0.0852425 0.987742 0.0120003  
0.000256011 0.0852438 0.987744 0.0120003  
0.000254708 0.0852451 0.987745 0.0120003  
0.000253413 0.0852464 0.987746 0.0120003  
0.000252123 0.0852477 0.987748 0.0120003  
0.000250841 0.085249 0.987749 0.0120003  
0.000249565 0.0852503 0.98775 0.0120003  
0.000248295 0.0852516 0.987751 0.0120003  
0.000247032 0.0852528 0.987753 0.0120003  
0.000245775 0.0852541 0.987754 0.0120003  
0.000244525 0.0852553 0.987755 0.0120003  
0.000243281 0.0852566 0.987756 0.0120003  
0.000242043 0.0852578 0.987758 0.0120003  
0.000240812 0.085259 0.987759 0.0120003  
0.000239587 0.0852603 0.98776 0.0120003  
0.000238368 0.0852615 0.987761 0.0120003  
0.000237155 0.0852627 0.987763 0.0120003  
0.000235949 0.0852639 0.987764 0.0120003  
0.000234748 0.0852651 0.987765 0.0120003  
0.000233554 0.0852663 0.987766 0.0120003  
0.000232366 0.0852675 0.987767 0.0120003  
0.000231184 0.0852687 0.987769 0.0120003  
0.000230008 0.0852698 0.98777 0.0120003  
0.000228837 0.085271 0.987771 0.0120003  
0.000227673 0.0852722 0.987772 0.0120003  
0.000226515 0.0852733 0.987773 0.0120003  
0.000225363 0.0852745 0.987774 0.0120003  
0.000224216 0.0852756 0.987775 0.0120003  
0.000223076 0.0852768 0.987777 0.0120003  
0.000221941 0.0852779 0.987778 0.0120003  
0.000220812 0.085279 0.987779 0.0120003  
0.000219688 0.0852802 0.98778 0.0120003  
0.000218571 0.0852813 0.987781 0.0120003  
0.000217459 0.0852824 0.987782 0.0120003  
0.000216352 0.0852835 0.987783 0.0120003  
0.000215252 0.0852846 0.987784 0.0120003  
0.000214157 0.0852857 0.987786 0.0120003  
0.000213067 0.0852868 0.987787 0.0120003  
0.000211983 0.0852879 0.987788 0.0120003  
0.000210905 0.0852889 0.987789 0.0120003  
0.000209832 0.08529 0.98779 0.0120003  
0.000208764 0.0852911 0.987791 0.0120003  
0.000207702 0.0852921 0.987792 0.0120003  
0.000206646 0.0852932 0.987793 0.0120003  
0.000205594 0.0852943 0.987794 0.0120003  
0.000204549 0.0852953 0.987795 0.0120003  
0.000203508 0.0852963 0.987796 0.0120003  
0.000202473 0.0852974 0.987797 0.0120003  
0.000201443 0.0852984 0.987798 0.0120003  
0.000200418 0.0852994 0.987799 0.0120003  
0.000199398 0.0853005 0.9878 0.0120003  
0.000198384 0.0853015 0.987801 0.0120003  
0.000197375 0.0853025 0.987802 0.0120003  
0.00019637 0.0853035 0.987803 0.0120003  
0.000195371 0.0853045 0.987804 0.0120003  
0.000194378 0.0853055 0.987805 0.0120003  
0.000193389 0.0853065 0.987806 0.0120003  
0.000192405 0.0853074 0.987807 0.0120003  
0.000191426 0.0853084 0.987808 0.0120003  
0.000190452 0.0853094 0.987809 0.0120003  
0.000189483 0.0853104 0.98781 0.0120003  
0.000188519 0.0853113 0.987811 0.0120003  
0.00018756 0.0853123 0.987812 0.0120003  
0.000186606 0.0853132 0.987813 0.0120003  
0.000185657 0.0853142 0.987814 0.0120003  
0.000184712 0.0853151 0.987815 0.0120003  
0.000183773 0.0853161 0.987816 0.0120003  
0.000182838 0.085317 0.987817 0.0120003  
0.000181908 0.0853179 0.987818 0.0120003  
0.000180982 0.0853189 0.987819 0.0120003  
0.000180062 0.0853198 0.98782 0.0120003  
0.000179145 0.0853207 0.987821 0.0120003  
0.000178234 0.0853216 0.987821 0.0120003  
0.000177327 0.0853225 0.987822 0.0120003  
0.000176425 0.0853234 0.987823 0.0120003  
0.000175528 0.0853243 0.987824 0.0120003  
0.000174635 0.0853252 0.987825 0.0120003  
0.000173746 0.0853261 0.987826 0.0120003  
0.000172863 0.085327 0.987827 0.0120003  
0.000171983 0.0853279 0.987828 0.0120003  
0.000171108 0.0853287 0.987829 0.0120003  
0.000170238 0.0853296 0.987829 0.0120003  
0.000169372 0.0853305 0.98783 0.0120003  
0.00016851 0.0853313 0.987831 0.0120003  
0.000167653 0.0853322 0.987832 0.0120003  
0.0001668 0.0853331 0.987833 0.0120003  
0.000165951 0.0853339 0.987834 0.0120003  
0.000165107 0.0853347 0.987835 0.0120003  
0.000164267 0.0853356 0.987835 0.0120003  
0.000163431 0.0853364 0.987836 0.0120003  
0.0001626 0.0853373 0.987837 0.0120003  
0.000161773 0.0853381 0.987838 0.0120003  
0.00016095 0.0853389 0.987839 0.0120003  
0.000160131 0.0853397 0.98784 0.0120003  
0.000159316 0.0853405 0.98784 0.0120003  
0.000158506 0.0853413 0.987841 0.0120003  
0.0001577 0.0853422 0.987842 0.0120003  
0.000156897 0.085343 0.987843 0.0120003  
0.000156099 0.0853438 0.987844 0.0120003  
0.000155305 0.0853445 0.987844 0.0120003  
0.000154515 0.0853453 0.987845 0.0120003  
0.000153729 0.0853461 0.987846 0.0120003  
0.000152947 0.0853469 0.987847 0.0120003  
0.000152169 0.0853477 0.987848 0.0120003  
0.000151395 0.0853485 0.987848 0.0120003  
0.000150625 0.0853492 0.987849 0.0120003  
0.000149858 0.08535 0.98785 0.0120003  
0.000149096 0.0853508 0.987851 0.0120003  
0.000148337 0.0853515 0.987851 0.0120003  
0.000147583 0.0853523 0.987852 0.0120003  
0.000146832 0.085353 0.987853 0.0120003  
0.000146085 0.0853538 0.987854 0.0120003  
0.000145342 0.0853545 0.987854 0.0120003  
0.000144603 0.0853552 0.987855 0.0120003  
0.000143867 0.085356 0.987856 0.0120003  
0.000143135 0.0853567 0.987857 0.0120003  
0.000142407 0.0853574 0.987857 0.0120003  
0.000141682 0.0853582 0.987858 0.0120003  
0.000140962 0.0853589 0.987859 0.0120003  
0.000140245 0.0853596 0.987859 0.0120003  
0.000139531 0.0853603 0.98786 0.0120003  
0.000138821 0.085361 0.987861 0.0120003  
0.000138115 0.0853617 0.987862 0.0120003  
0.000137412 0.0853624 0.987862 0.0120003  
0.000136713 0.0853631 0.987863 0.0120003  
0.000136018 0.0853638 0.987864 0.0120003  
0.000135326 0.0853645 0.987864 0.0120003  
0.000134638 0.0853652 0.987865 0.0120003  
0.000133953 0.0853659 0.987866 0.0120003  
0.000133271 0.0853666 0.987866 0.0120003  
0.000132593 0.0853673 0.987867 0.0120003  
0.000131919 0.0853679 0.987868 0.0120003  
0.000131248 0.0853686 0.987868 0.0120003  
0.00013058 0.0853693 0.987869 0.0120003  
0.000129916 0.0853699 0.98787 0.0120003  
0.000129255 0.0853706 0.98787 0.0120003  
0.000128597 0.0853713 0.987871 0.0120003  
0.000127943 0.0853719 0.987872 0.0120003  
0.000127292 0.0853726 0.987872 0.0120003  
0.000126644 0.0853732 0.987873 0.0120003  
0.000126 0.0853738 0.987874 0.0120003  
0.000125359 0.0853745 0.987874 0.0120003  
0.000124722 0.0853751 0.987875 0.0120003  
0.000124087 0.0853758 0.987876 0.0120003  
0.000123456 0.0853764 0.987876 0.0120003  
0.000122828 0.085377 0.987877 0.0120003  
0.000122203 0.0853776 0.987877 0.0120003  
0.000121581 0.0853783 0.987878 0.0120003  
0.000120963 0.0853789 0.987879 0.0120003  
0.000120347 0.0853795 0.987879 0.0120003  
0.000119735 0.0853801 0.98788 0.0120003  
0.000119126 0.0853807 0.987881 0.0120003  
0.00011852 0.0853813 0.987881 0.0120003  
0.000117917 0.0853819 0.987882 0.0120003  
0.000117317 0.0853825 0.987882 0.0120003  
0.00011672 0.0853831 0.987883 0.0120003  
0.000116127 0.0853837 0.987884 0.0120003  
0.000115536 0.0853843 0.987884 0.0120003  
0.000114948 0.0853849 0.987885 0.0120003  
0.000114363 0.0853855 0.987885 0.0120003  
0.000113782 0.0853861 0.987886 0.0120003  
0.000113203 0.0853866 0.987886 0.0120003  
0.000112627 0.0853872 0.987887 0.0120003  
0.000112054 0.0853878 0.987888 0.0120003  
0.000111484 0.0853884 0.987888 0.0120003  
0.000110917 0.0853889 0.987889 0.0120003  
0.000110352 0.0853895 0.987889 0.0120003  
0.000109791 0.0853901 0.98789 0.0120003  
0.000109233 0.0853906 0.98789 0.0120003  
0.000108677 0.0853912 0.987891 0.0120003  
0.000108124 0.0853917 0.987892 0.0120003  
0.000107574 0.0853923 0.987892 0.0120003  
0.000107027 0.0853928 0.987893 0.0120003  
0.000106482 0.0853934 0.987893 0.0120003  
0.000105941 0.0853939 0.987894 0.0120003  
0.000105402 0.0853944 0.987894 0.0120003  
0.000104865 0.085395 0.987895 0.0120003  
0.000104332 0.0853955 0.987895 0.0120003  
0.000103801 0.085396 0.987896 0.0120003  
0.000103273 0.0853966 0.987896 0.0120003  
0.000102748 0.0853971 0.987897 0.0120003  
0.000102225 0.0853976 0.987897 0.0120003  
0.000101705 0.0853981 0.987898 0.0120003  
0.000101188 0.0853987 0.987899 0.0120003  
0.000100673 0.0853992 0.987899 0.0120003  
0.000100161 0.0853997 0.9879 0.0120003  
9.96512e-005 0.0854002 0.9879 0.0120003  
9.91443e-005 0.0854007 0.987901 0.0120003  
9.86399e-005 0.0854012 0.987901 0.0120003  
9.81381e-005 0.0854017 0.987902 0.0120003  
9.76389e-005 0.0854022 0.987902 0.0120003  
9.71422e-005 0.0854027 0.987903 0.0120003  
9.6648e-005 0.0854032 0.987903 0.0120003  
9.61563e-005 0.0854037 0.987904 0.0120003  
9.56672e-005 0.0854042 0.987904 0.0120003  
9.51805e-005 0.0854047 0.987905 0.0120003  
9.46963e-005 0.0854052 0.987905 0.0120003  
9.42146e-005 0.0854056 0.987905 0.0120003  
9.37353e-005 0.0854061 0.987906 0.0120003  
9.32584e-005 0.0854066 0.987906 0.0120003  
9.2784e-005 0.0854071 0.987907 0.0120003  
9.2312e-005 0.0854075 0.987907 0.0120003  
9.18424e-005 0.085408 0.987908 0.0120003  
9.13752e-005 0.0854085 0.987908 0.0120003  
9.09104e-005 0.0854089 0.987909 0.0120003  
9.04479e-005 0.0854094 0.987909 0.0120003  
8.99878e-005 0.0854099 0.98791 0.0120003  
8.953e-005 0.0854103 0.98791 0.0120003  
8.90745e-005 0.0854108 0.987911 0.0120003  
8.86214e-005 0.0854112 0.987911 0.0120003  
8.81706e-005 0.0854117 0.987912 0.0120003  
8.7722e-005 0.0854121 0.987912 0.0120003  
8.72758e-005 0.0854126 0.987912 0.0120003  
8.68318e-005 0.085413 0.987913 0.0120003  
8.63901e-005 0.0854135 0.987913 0.0120003  
8.59506e-005 0.0854139 0.987914 0.0120003  
8.55133e-005 0.0854143 0.987914 0.0120003  
8.50783e-005 0.0854148 0.987915 0.0120003  
8.46455e-005 0.0854152 0.987915 0.0120003  
8.42149e-005 0.0854156 0.987915 0.0120003  
8.37865e-005 0.0854161 0.987916 0.0120003  
8.33603e-005 0.0854165 0.987916 0.0120003  
8.29362e-005 0.0854169 0.987917 0.0120003  
8.25143e-005 0.0854173 0.987917 0.0120003  
8.20945e-005 0.0854178 0.987918 0.0120003  
8.16769e-005 0.0854182 0.987918 0.0120003  
8.12614e-005 0.0854186 0.987918 0.0120003  
8.0848e-005 0.085419 0.987919 0.0120003  
8.04367e-005 0.0854194 0.987919 0.0120003  
8.00276e-005 0.0854198 0.98792 0.0120003  
7.96204e-005 0.0854202 0.98792 0.0120003  
7.92154e-005 0.0854206 0.98792 0.0120003  
7.88124e-005 0.085421 0.987921 0.0120003  
7.84115e-005 0.0854214 0.987921 0.0120003  
7.80126e-005 0.0854218 0.987922 0.0120003  
7.76157e-005 0.0854222 0.987922 0.0120003  
7.72209e-005 0.0854226 0.987922 0.0120003  
7.68281e-005 0.085423 0.987923 0.0120003  
7.64372e-005 0.0854234 0.987923 0.0120003  
7.60484e-005 0.0854238 0.987924 0.0120003  
7.56615e-005 0.0854242 0.987924 0.0120003  
7.52766e-005 0.0854246 0.987924 0.0120003  
7.48937e-005 0.085425 0.987925 0.0120003  
7.45127e-005 0.0854253 0.987925 0.0120003  
7.41336e-005 0.0854257 0.987926 0.0120003  
7.37565e-005 0.0854261 0.987926 0.0120003  
7.33813e-005 0.0854265 0.987926 0.0120003  
7.3008e-005 0.0854268 0.987927 0.0120003  
7.26366e-005 0.0854272 0.987927 0.0120003  
7.22671e-005 0.0854276 0.987927 0.0120003  
7.18995e-005 0.0854279 0.987928 0.0120003  
7.15337e-005 0.0854283 0.987928 0.0120003  
7.11698e-005 0.0854287 0.987929 0.0120003  
7.08077e-005 0.085429 0.987929 0.0120003  
7.04475e-005 0.0854294 0.987929 0.0120003  
7.00892e-005 0.0854298 0.98793 0.0120003  
6.97326e-005 0.0854301 0.98793 0.0120003  
6.93779e-005 0.0854305 0.98793 0.0120003  
6.90249e-005 0.0854308 0.987931 0.0120003  
6.86738e-005 0.0854312 0.987931 0.0120003  
6.83245e-005 0.0854315 0.987931 0.0120003  
6.79769e-005 0.0854319 0.987932 0.0120003  
6.76311e-005 0.0854322 0.987932 0.0120003  
6.7287e-005 0.0854326 0.987932 0.0120003  
6.69447e-005 0.0854329 0.987933 0.0120003  
6.66042e-005 0.0854332 0.987933 0.0120003  
6.62654e-005 0.0854336 0.987933 0.0120003  
6.59283e-005 0.0854339 0.987934 0.0120003  
6.55929e-005 0.0854343 0.987934 0.0120003  
6.52592e-005 0.0854346 0.987934 0.0120003  
6.49272e-005 0.0854349 0.987935 0.0120003  
6.45969e-005 0.0854353 0.987935 0.0120003  
6.42683e-005 0.0854356 0.987935 0.0120003  
6.39414e-005 0.0854359 0.987936 0.0120003  
6.36161e-005 0.0854362 0.987936 0.0120003  
6.32925e-005 0.0854366 0.987936 0.0120003  
6.29705e-005 0.0854369 0.987937 0.0120003  
6.26502e-005 0.0854372 0.987937 0.0120003  
6.23315e-005 0.0854375 0.987937 0.0120003  
6.20144e-005 0.0854378 0.987938 0.0120003  
6.16989e-005 0.0854382 0.987938 0.0120003  
6.1385e-005 0.0854385 0.987938 0.0120003  
6.10728e-005 0.0854388 0.987939 0.0120003  
6.07621e-005 0.0854391 0.987939 0.0120003  
6.0453e-005 0.0854394 0.987939 0.0120003  
6.01454e-005 0.0854397 0.98794 0.0120003  
5.98395e-005 0.08544 0.98794 0.0120003  
5.95351e-005 0.0854403 0.98794 0.0120003  
5.92322e-005 0.0854406 0.98794 0.0120003  
5.89309e-005 0.0854409 0.987941 0.0120003  
5.86311e-005 0.0854412 0.987941 0.0120003  
5.83328e-005 0.0854415 0.987941 0.0120003  
5.80361e-005 0.0854418 0.987942 0.0120003  
5.77408e-005 0.0854421 0.987942 0.0120003  
5.74471e-005 0.0854424 0.987942 0.0120003  
5.71549e-005 0.0854427 0.987943 0.0120003  
5.68641e-005 0.085443 0.987943 0.0120003  
5.65749e-005 0.0854433 0.987943 0.0120003  
5.6287e-005 0.0854436 0.987943 0.0120003  
5.60007e-005 0.0854438 0.987944 0.0120003  
5.57158e-005 0.0854441 0.987944 0.0120003  
5.54324e-005 0.0854444 0.987944 0.0120003  
5.51504e-005 0.0854447 0.987945 0.0120003  
5.48699e-005 0.085445 0.987945 0.0120003  
5.45907e-005 0.0854453 0.987945 0.0120003  
5.4313e-005 0.0854455 0.987945 0.0120003  
5.40367e-005 0.0854458 0.987946 0.0120003  
5.37618e-005 0.0854461 0.987946 0.0120003  
5.34883e-005 0.0854464 0.987946 0.0120003  
5.32162e-005 0.0854466 0.987946 0.0120003  
5.29455e-005 0.0854469 0.987947 0.0120003  
5.26762e-005 0.0854472 0.987947 0.0120003  
5.24082e-005 0.0854474 0.987947 0.0120003  
5.21416e-005 0.0854477 0.987948 0.0120003  
5.18764e-005 0.085448 0.987948 0.0120003  
5.16125e-005 0.0854482 0.987948 0.0120003  
5.13499e-005 0.0854485 0.987948 0.0120003  
5.10887e-005 0.0854488 0.987949 0.0120003  
5.08288e-005 0.085449 0.987949 0.0120003  
5.05702e-005 0.0854493 0.987949 0.0120003  
5.0313e-005 0.0854495 0.987949 0.0120003  
5.0057e-005 0.0854498 0.98795 0.0120003  
4.98024e-005 0.08545 0.98795 0.0120003  
4.9549e-005 0.0854503 0.98795 0.0120003  
4.9297e-005 0.0854506 0.98795 0.0120003  
4.90462e-005 0.0854508 0.987951 0.0120003  
4.87967e-005 0.0854511 0.987951 0.0120003  
4.85485e-005 0.0854513 0.987951 0.0120003  
4.83015e-005 0.0854515 0.987951 0.0120003  
4.80558e-005 0.0854518 0.987952 0.0120003  
4.78113e-005 0.085452 0.987952 0.0120003  
4.75681e-005 0.0854523 0.987952 0.0120003  
4.73261e-005 0.0854525 0.987952 0.0120003  
4.70854e-005 0.0854528 0.987953 0.0120003  
4.68458e-005 0.085453 0.987953 0.0120003  
4.66075e-005 0.0854532 0.987953 0.0120003  
4.63704e-005 0.0854535 0.987953 0.0120003  
4.61345e-005 0.0854537 0.987954 0.0120003  
4.58998e-005 0.0854539 0.987954 0.0120003  
4.56663e-005 0.0854542 0.987954 0.0120003  
4.5434e-005 0.0854544 0.987954 0.0120003  
4.52029e-005 0.0854546 0.987954 0.0120003  
4.4973e-005 0.0854549 0.987955 0.0120003  
4.47442e-005 0.0854551 0.987955 0.0120003  
4.45166e-005 0.0854553 0.987955 0.0120003  
4.42901e-005 0.0854556 0.987955 0.0120003  
4.40648e-005 0.0854558 0.987956 0.0120003  
4.38406e-005 0.085456 0.987956 0.0120003  
4.36176e-005 0.0854562 0.987956 0.0120003  
4.33957e-005 0.0854565 0.987956 0.0120003  
4.3175e-005 0.0854567 0.987957 0.0120003  
4.29553e-005 0.0854569 0.987957 0.0120003  
4.27368e-005 0.0854571 0.987957 0.0120003  
4.25194e-005 0.0854573 0.987957 0.0120003  
4.23031e-005 0.0854575 0.987957 0.0120003  
4.20879e-005 0.0854578 0.987958 0.0120003  
4.18738e-005 0.085458 0.987958 0.0120003  
4.16608e-005 0.0854582 0.987958 0.0120003  
4.14489e-005 0.0854584 0.987958 0.0120003  
4.1238e-005 0.0854586 0.987958 0.0120003  
4.10282e-005 0.0854588 0.987959 0.0120003  
4.08195e-005 0.085459 0.987959 0.0120003  
4.06119e-005 0.0854592 0.987959 0.0120003  
4.04053e-005 0.0854594 0.987959 0.0120003  
4.01997e-005 0.0854596 0.987959 0.0120003  
3.99952e-005 0.0854599 0.98796 0.0120003  
3.97918e-005 0.0854601 0.98796 0.0120003  
3.95893e-005 0.0854603 0.98796 0.0120003  
3.93879e-005 0.0854605 0.98796 0.0120003  
3.91876e-005 0.0854607 0.987961 0.0120003  
3.89882e-005 0.0854609 0.987961 0.0120003  
3.87899e-005 0.0854611 0.987961 0.0120003  
3.85926e-005 0.0854613 0.987961 0.0120003  
3.83962e-005 0.0854615 0.987961 0.0120003  
3.82009e-005 0.0854616 0.987961 0.0120003  
3.80066e-005 0.0854618 0.987962 0.0120003  
3.78132e-005 0.085462 0.987962 0.0120003  
3.76209e-005 0.0854622 0.987962 0.0120003  
3.74295e-005 0.0854624 0.987962 0.0120003  
3.72391e-005 0.0854626 0.987962 0.0120003  
3.70497e-005 0.0854628 0.987963 0.0120003  
3.68612e-005 0.085463 0.987963 0.0120003  
3.66737e-005 0.0854632 0.987963 0.0120003  
3.64871e-005 0.0854634 0.987963 0.0120003  
3.63015e-005 0.0854635 0.987963 0.0120003  
3.61168e-005 0.0854637 0.987964 0.0120003  
3.59331e-005 0.0854639 0.987964 0.0120003  
3.57503e-005 0.0854641 0.987964 0.0120003  
3.55684e-005 0.0854643 0.987964 0.0120003  
3.53875e-005 0.0854645 0.987964 0.0120003  
3.52075e-005 0.0854646 0.987964 0.0120003  
3.50284e-005 0.0854648 0.987965 0.0120003  
3.48502e-005 0.085465 0.987965 0.0120003  
3.46729e-005 0.0854652 0.987965 0.0120003  
3.44965e-005 0.0854654 0.987965 0.0120003  
3.4321e-005 0.0854655 0.987965 0.0120003  
3.41464e-005 0.0854657 0.987966 0.0120003  
3.39727e-005 0.0854659 0.987966 0.0120003  
3.37999e-005 0.085466 0.987966 0.0120003  
3.3628e-005 0.0854662 0.987966 0.0120003  
3.34569e-005 0.0854664 0.987966 0.0120003  
3.32867e-005 0.0854666 0.987966 0.0120003  
3.31174e-005 0.0854667 0.987967 0.0120003  
3.29489e-005 0.0854669 0.987967 0.0120003  
3.27813e-005 0.0854671 0.987967 0.0120003  
3.26145e-005 0.0854672 0.987967 0.0120003  
3.24486e-005 0.0854674 0.987967 0.0120003  
3.22836e-005 0.0854676 0.987967 0.0120003  
3.21193e-005 0.0854677 0.987968 0.0120003  
3.19559e-005 0.0854679 0.987968 0.0120003  
3.17934e-005 0.0854681 0.987968 0.0120003  
3.16316e-005 0.0854682 0.987968 0.0120003  
3.14707e-005 0.0854684 0.987968 0.0120003  
3.13106e-005 0.0854685 0.987968 0.0120003  
3.11513e-005 0.0854687 0.987969 0.0120003  
3.09929e-005 0.0854689 0.987969 0.0120003  
3.08352e-005 0.085469 0.987969 0.0120003  
3.06784e-005 0.0854692 0.987969 0.0120003  
3.05223e-005 0.0854693 0.987969 0.0120003  
3.0367e-005 0.0854695 0.987969 0.0120003  
3.02125e-005 0.0854696 0.987969 0.0120003  
3.00589e-005 0.0854698 0.98797 0.0120003  
2.99059e-005 0.0854699 0.98797 0.0120003  
2.97538e-005 0.0854701 0.98797 0.0120003  
2.96025e-005 0.0854702 0.98797 0.0120003  
2.94519e-005 0.0854704 0.98797 0.0120003  
2.9302e-005 0.0854705 0.98797 0.0120003  
2.9153e-005 0.0854707 0.987971 0.0120003  
2.90047e-005 0.0854708 0.987971 0.0120003  
2.88571e-005 0.085471 0.987971 0.0120003  
2.87103e-005 0.0854711 0.987971 0.0120003  
2.85643e-005 0.0854713 0.987971 0.0120003  
2.8419e-005 0.0854714 0.987971 0.0120003  
2.82744e-005 0.0854716 0.987971 0.0120003  
2.81306e-005 0.0854717 0.987972 0.0120003  
2.79875e-005 0.0854719 0.987972 0.0120003  
2.78451e-005 0.085472 0.987972 0.0120003  
2.77034e-005 0.0854721 0.987972 0.0120003  
2.75625e-005 0.0854723 0.987972 0.0120003  
2.74223e-005 0.0854724 0.987972 0.0120003  
2.72828e-005 0.0854726 0.987972 0.0120003  
2.7144e-005 0.0854727 0.987973 0.0120003  
2.70059e-005 0.0854728 0.987973 0.0120003  
2.68685e-005 0.085473 0.987973 0.0120003  
2.67319e-005 0.0854731 0.987973 0.0120003  
2.65959e-005 0.0854733 0.987973 0.0120003  
2.64606e-005 0.0854734 0.987973 0.0120003  
2.6326e-005 0.0854735 0.987973 0.0120003  
2.61921e-005 0.0854737 0.987974 0.0120003  
2.60588e-005 0.0854738 0.987974 0.0120003  
2.59263e-005 0.0854739 0.987974 0.0120003  
2.57944e-005 0.0854741 0.987974 0.0120003  
2.56631e-005 0.0854742 0.987974 0.0120003  
2.55326e-005 0.0854743 0.987974 0.0120003  
2.54027e-005 0.0854744 0.987974 0.0120003  
2.52735e-005 0.0854746 0.987974 0.0120003  
2.51449e-005 0.0854747 0.987975 0.0120003  
2.5017e-005 0.0854748 0.987975 0.0120003  
2.48897e-005 0.085475 0.987975 0.0120003  
2.47631e-005 0.0854751 0.987975 0.0120003  
2.46372e-005 0.0854752 0.987975 0.0120003  
2.45118e-005 0.0854753 0.987975 0.0120003  
2.43871e-005 0.0854755 0.987975 0.0120003  
2.42631e-005 0.0854756 0.987975 0.0120003  
2.41396e-005 0.0854757 0.987976 0.0120003  
2.40168e-005 0.0854758 0.987976 0.0120003  
2.38947e-005 0.085476 0.987976 0.0120003  
2.37731e-005 0.0854761 0.987976 0.0120003  
2.36522e-005 0.0854762 0.987976 0.0120003  
2.35319e-005 0.0854763 0.987976 0.0120003  
2.34122e-005 0.0854764 0.987976 0.0120003  
2.32931e-005 0.0854766 0.987976 0.0120003  
2.31746e-005 0.0854767 0.987977 0.0120003  
2.30567e-005 0.0854768 0.987977 0.0120003  
2.29394e-005 0.0854769 0.987977 0.0120003  
2.28227e-005 0.085477 0.987977 0.0120003  
2.27066e-005 0.0854771 0.987977 0.0120003  
2.25911e-005 0.0854773 0.987977 0.0120003  
2.24762e-005 0.0854774 0.987977 0.0120003  
2.23618e-005 0.0854775 0.987977 0.0120003  
2.22481e-005 0.0854776 0.987977 0.0120003  
2.21349e-005 0.0854777 0.987978 0.0120003  
2.20223e-005 0.0854778 0.987978 0.0120003  
2.19103e-005 0.0854779 0.987978 0.0120003  
2.17988e-005 0.0854781 0.987978 0.0120003  
2.16879e-005 0.0854782 0.987978 0.0120003  
2.15776e-005 0.0854783 0.987978 0.0120003  
2.14678e-005 0.0854784 0.987978 0.0120003  
2.13586e-005 0.0854785 0.987978 0.0120003  
2.125e-005 0.0854786 0.987978 0.0120003  
2.11419e-005 0.0854787 0.987979 0.0120003  
2.10343e-005 0.0854788 0.987979 0.0120003  
2.09273e-005 0.0854789 0.987979 0.0120003  
2.08208e-005 0.085479 0.987979 0.0120003  
2.07149e-005 0.0854791 0.987979 0.0120003  
2.06096e-005 0.0854792 0.987979 0.0120003  
2.05047e-005 0.0854793 0.987979 0.0120003  
2.04004e-005 0.0854794 0.987979 0.0120003  
2.02966e-005 0.0854796 0.987979 0.0120003  
2.01934e-005 0.0854797 0.98798 0.0120003  
2.00906e-005 0.0854798 0.98798 0.0120003  
1.99884e-005 0.0854799 0.98798 0.0120003  
1.98868e-005 0.08548 0.98798 0.0120003  
1.97856e-005 0.0854801 0.98798 0.0120003  
1.9685e-005 0.0854802 0.98798 0.0120003  
1.95848e-005 0.0854803 0.98798 0.0120003  
1.94852e-005 0.0854804 0.98798 0.0120003  
1.93861e-005 0.0854805 0.98798 0.0120003  
1.92874e-005 0.0854806 0.98798 0.0120003  
1.91893e-005 0.0854807 0.987981 0.0120003  
1.90917e-005 0.0854808 0.987981 0.0120003  
1.89946e-005 0.0854809 0.987981 0.0120003  
1.8898e-005 0.085481 0.987981 0.0120003  
1.88018e-005 0.085481 0.987981 0.0120003  
1.87062e-005 0.0854811 0.987981 0.0120003  
1.8611e-005 0.0854812 0.987981 0.0120003  
1.85163e-005 0.0854813 0.987981 0.0120003  
1.84222e-005 0.0854814 0.987981 0.0120003  
1.83284e-005 0.0854815 0.987981 0.0120003  
1.82352e-005 0.0854816 0.987981 0.0120003  
1.81424e-005 0.0854817 0.987982 0.0120003  
1.80501e-005 0.0854818 0.987982 0.0120003  
1.79583e-005 0.0854819 0.987982 0.0120003  
1.7867e-005 0.085482 0.987982 0.0120003  
1.77761e-005 0.0854821 0.987982 0.0120003  
1.76857e-005 0.0854822 0.987982 0.0120003  
1.75957e-005 0.0854823 0.987982 0.0120003  
1.75062e-005 0.0854823 0.987982 0.0120003  
1.74171e-005 0.0854824 0.987982 0.0120003  
1.73285e-005 0.0854825 0.987982 0.0120003  
1.72404e-005 0.0854826 0.987982 0.0120003  
1.71527e-005 0.0854827 0.987983 0.0120003  
1.70654e-005 0.0854828 0.987983 0.0120003  
1.69786e-005 0.0854829 0.987983 0.0120003  
1.68922e-005 0.085483 0.987983 0.0120003  
1.68063e-005 0.085483 0.987983 0.0120003  
1.67208e-005 0.0854831 0.987983 0.0120003  
1.66357e-005 0.0854832 0.987983 0.0120003  
1.65511e-005 0.0854833 0.987983 0.0120003  
1.64669e-005 0.0854834 0.987983 0.0120003  
1.63832e-005 0.0854835 0.987983 0.0120003  
1.62998e-005 0.0854835 0.987983 0.0120003  
1.62169e-005 0.0854836 0.987983 0.0120003  
1.61344e-005 0.0854837 0.987984 0.0120003  
1.60523e-005 0.0854838 0.987984 0.0120003  
1.59707e-005 0.0854839 0.987984 0.0120003  
1.58894e-005 0.085484 0.987984 0.0120003  
1.58086e-005 0.085484 0.987984 0.0120003  
1.57282e-005 0.0854841 0.987984 0.0120003  
1.56482e-005 0.0854842 0.987984 0.0120003  
1.55686e-005 0.0854843 0.987984 0.0120003  
1.54894e-005 0.0854844 0.987984 0.0120003  
1.54106e-005 0.0854844 0.987984 0.0120003  
1.53322e-005 0.0854845 0.987984 0.0120003  
1.52542e-005 0.0854846 0.987984 0.0120003  
1.51766e-005 0.0854847 0.987985 0.0120003  
1.50994e-005 0.0854847 0.987985 0.0120003  
1.50226e-005 0.0854848 0.987985 0.0120003  
1.49461e-005 0.0854849 0.987985 0.0120003  
1.48701e-005 0.085485 0.987985 0.0120003  
1.47945e-005 0.0854851 0.987985 0.0120003  
1.47192e-005 0.0854851 0.987985 0.0120003  
1.46443e-005 0.0854852 0.987985 0.0120003  
1.45698e-005 0.0854853 0.987985 0.0120003  
1.44957e-005 0.0854854 0.987985 0.0120003  
1.4422e-005 0.0854854 0.987985 0.0120003  
1.43486e-005 0.0854855 0.987985 0.0120003  
1.42756e-005 0.0854856 0.987985 0.0120003  
1.4203e-005 0.0854856 0.987985 0.0120003  
1.41307e-005 0.0854857 0.987986 0.0120003  
1.40589e-005 0.0854858 0.987986 0.0120003  
1.39873e-005 0.0854859 0.987986 0.0120003  
1.39162e-005 0.0854859 0.987986 0.0120003  
1.38454e-005 0.085486 0.987986 0.0120003  
1.3775e-005 0.0854861 0.987986 0.0120003  
1.37049e-005 0.0854861 0.987986 0.0120003  
1.36352e-005 0.0854862 0.987986 0.0120003  
1.35658e-005 0.0854863 0.987986 0.0120003  
1.34968e-005 0.0854864 0.987986 0.0120003  
1.34281e-005 0.0854864 0.987986 0.0120003  
1.33598e-005 0.0854865 0.987986 0.0120003  
1.32919e-005 0.0854866 0.987986 0.0120003  
1.32243e-005 0.0854866 0.987986 0.0120003  
1.3157e-005 0.0854867 0.987987 0.0120003  
1.30901e-005 0.0854868 0.987987 0.0120003  
1.30235e-005 0.0854868 0.987987 0.0120003  
1.29572e-005 0.0854869 0.987987 0.0120003  
1.28913e-005 0.085487 0.987987 0.0120003  
1.28257e-005 0.085487 0.987987 0.0120003  
1.27605e-005 0.0854871 0.987987 0.0120003  
1.26956e-005 0.0854872 0.987987 0.0120003  
1.2631e-005 0.0854872 0.987987 0.0120003  
1.25667e-005 0.0854873 0.987987 0.0120003  
1.25028e-005 0.0854873 0.987987 0.0120003  
1.24392e-005 0.0854874 0.987987 0.0120003  
1.23759e-005 0.0854875 0.987987 0.0120003  
1.2313e-005 0.0854875 0.987987 0.0120003  
1.22503e-005 0.0854876 0.987987 0.0120003  
1.2188e-005 0.0854877 0.987988 0.0120003  
1.2126e-005 0.0854877 0.987988 0.0120003  
1.20643e-005 0.0854878 0.987988 0.0120003  
1.20029e-005 0.0854878 0.987988 0.0120003  
1.19419e-005 0.0854879 0.987988 0.0120003  
1.18811e-005 0.085488 0.987988 0.0120003  
1.18207e-005 0.085488 0.987988 0.0120003  
1.17606e-005 0.0854881 0.987988 0.0120003  
1.17007e-005 0.0854881 0.987988 0.0120003  
1.16412e-005 0.0854882 0.987988 0.0120003  
1.1582e-005 0.0854883 0.987988 0.0120003  
1.15231e-005 0.0854883 0.987988 0.0120003  
1.14645e-005 0.0854884 0.987988 0.0120003  
1.14061e-005 0.0854884 0.987988 0.0120003  
1.13481e-005 0.0854885 0.987988 0.0120003  
1.12904e-005 0.0854886 0.987988 0.0120003  
1.1233e-005 0.0854886 0.987988 0.0120003  
1.11758e-005 0.0854887 0.987989 0.0120003  
1.1119e-005 0.0854887 0.987989 0.0120003  
1.10624e-005 0.0854888 0.987989 0.0120003  
1.10061e-005 0.0854888 0.987989 0.0120003  
1.09501e-005 0.0854889 0.987989 0.0120003  
1.08944e-005 0.085489 0.987989 0.0120003  
1.0839e-005 0.085489 0.987989 0.0120003  
1.07839e-005 0.0854891 0.987989 0.0120003  
1.0729e-005 0.0854891 0.987989 0.0120003  
1.06744e-005 0.0854892 0.987989 0.0120003  
1.06201e-005 0.0854892 0.987989 0.0120003  
1.05661e-005 0.0854893 0.987989 0.0120003  
1.05124e-005 0.0854893 0.987989 0.0120003  
1.04589e-005 0.0854894 0.987989 0.0120003  
1.04057e-005 0.0854894 0.987989 0.0120003  
1.03527e-005 0.0854895 0.987989 0.0120003  
1.03001e-005 0.0854895 0.987989 0.0120003  
1.02477e-005 0.0854896 0.987989 0.0120003  
1.01956e-005 0.0854897 0.98799 0.0120003  
1.01437e-005 0.0854897 0.98799 0.0120003  
1.00921e-005 0.0854898 0.98799 0.0120003  
1.00407e-005 0.0854898 0.98799 0.0120003  
9.98967e-006 0.0854899 0.98799 0.0120003  
9.93885e-006 0.0854899 0.98799 0.0120003  
9.88829e-006 0.08549 0.98799 0.0120003  
9.83799e-006 0.08549 0.98799 0.0120003  
9.78795e-006 0.0854901 0.98799 0.0120003  
9.73815e-006 0.0854901 0.98799 0.0120003  
9.68862e-006 0.0854902 0.98799 0.0120003  
9.63933e-006 0.0854902 0.98799 0.0120003  
9.59029e-006 0.0854903 0.98799 0.0120003  
9.54151e-006 0.0854903 0.98799 0.0120003  
9.49297e-006 0.0854904 0.98799 0.0120003  
9.44468e-006 0.0854904 0.98799 0.0120003  
9.39663e-006 0.0854905 0.98799 0.0120003  
9.34883e-006 0.0854905 0.98799 0.0120003  
9.30128e-006 0.0854905 0.98799 0.0120003  
9.25396e-006 0.0854906 0.98799 0.0120003  
9.20688e-006 0.0854906 0.98799 0.0120003  
9.16005e-006 0.0854907 0.987991 0.0120003  
9.11345e-006 0.0854907 0.987991 0.0120003  
9.06709e-006 0.0854908 0.987991 0.0120003  
9.02097e-006 0.0854908 0.987991 0.0120003  
8.97508e-006 0.0854909 0.987991 0.0120003  
8.92942e-006 0.0854909 0.987991 0.0120003  
8.884e-006 0.085491 0.987991 0.0120003  
8.8388e-006 0.085491 0.987991 0.0120003  
8.79384e-006 0.0854911 0.987991 0.0120003  
8.7491e-006 0.0854911 0.987991 0.0120003  
8.7046e-006 0.0854911 0.987991 0.0120003  
8.66032e-006 0.0854912 0.987991 0.0120003  
8.61626e-006 0.0854912 0.987991 0.0120003  
8.57243e-006 0.0854913 0.987991 0.0120003  
8.52882e-006 0.0854913 0.987991 0.0120003  
8.48544e-006 0.0854914 0.987991 0.0120003  
8.44227e-006 0.0854914 0.987991 0.0120003  
8.39932e-006 0.0854914 0.987991 0.0120003  
8.3566e-006 0.0854915 0.987991 0.0120003  
8.31409e-006 0.0854915 0.987991 0.0120003  
8.27179e-006 0.0854916 0.987991 0.0120003  
8.22971e-006 0.0854916 0.987991 0.0120003  
8.18785e-006 0.0854917 0.987992 0.0120003  
8.1462e-006 0.0854917 0.987992 0.0120003  
8.10476e-006 0.0854917 0.987992 0.0120003  
8.06353e-006 0.0854918 0.987992 0.0120003  
8.02251e-006 0.0854918 0.987992 0.0120003  
7.9817e-006 0.0854919 0.987992 0.0120003  
7.9411e-006 0.0854919 0.987992 0.0120003  
7.9007e-006 0.0854919 0.987992 0.0120003  
7.86051e-006 0.085492 0.987992 0.0120003  
7.82052e-006 0.085492 0.987992 0.0120003  
7.78074e-006 0.0854921 0.987992 0.0120003  
7.74116e-006 0.0854921 0.987992 0.0120003  
7.70178e-006 0.0854921 0.987992 0.0120003  
7.6626e-006 0.0854922 0.987992 0.0120003  
7.62362e-006 0.0854922 0.987992 0.0120003  
7.58484e-006 0.0854923 0.987992 0.0120003  
7.54625e-006 0.0854923 0.987992 0.0120003  
7.50786e-006 0.0854923 0.987992 0.0120003  
7.46967e-006 0.0854924 0.987992 0.0120003  
7.43167e-006 0.0854924 0.987992 0.0120003  
7.39387e-006 0.0854925 0.987992 0.0120003  
7.35626e-006 0.0854925 0.987992 0.0120003  
7.31883e-006 0.0854925 0.987992 0.0120003  
7.2816e-006 0.0854926 0.987992 0.0120003  
7.24456e-006 0.0854926 0.987992 0.0120003  
7.20771e-006 0.0854926 0.987992 0.0120003  
7.17104e-006 0.0854927 0.987993 0.0120003  
7.13456e-006 0.0854927 0.987993 0.0120003  
7.09827e-006 0.0854928 0.987993 0.0120003  
7.06216e-006 0.0854928 0.987993 0.0120003  
7.02623e-006 0.0854928 0.987993 0.0120003  
6.99049e-006 0.0854929 0.987993 0.0120003  
6.95493e-006 0.0854929 0.987993 0.0120003  
6.91955e-006 0.0854929 0.987993 0.0120003  
6.88435e-006 0.085493 0.987993 0.0120003  
6.84933e-006 0.085493 0.987993 0.0120003  
6.81449e-006 0.085493 0.987993 0.0120003  
6.77982e-006 0.0854931 0.987993 0.0120003  
6.74533e-006 0.0854931 0.987993 0.0120003  
6.71102e-006 0.0854931 0.987993 0.0120003  
6.67688e-006 0.0854932 0.987993 0.0120003  
6.64291e-006 0.0854932 0.987993 0.0120003  
6.60912e-006 0.0854932 0.987993 0.0120003  
6.5755e-006 0.0854933 0.987993 0.0120003  
6.54205e-006 0.0854933 0.987993 0.0120003  
6.50877e-006 0.0854933 0.987993 0.0120003  
6.47566e-006 0.0854934 0.987993 0.0120003  
6.44272e-006 0.0854934 0.987993 0.0120003  
6.40995e-006 0.0854934 0.987993 0.0120003  
6.37734e-006 0.0854935 0.987993 0.0120003  
6.3449e-006 0.0854935 0.987993 0.0120003  
6.31262e-006 0.0854935 0.987993 0.0120003  
6.28051e-006 0.0854936 0.987993 0.0120003  
6.24856e-006 0.0854936 0.987993 0.0120003  
6.21677e-006 0.0854936 0.987993 0.0120003  
6.18515e-006 0.0854937 0.987994 0.0120003  
6.15368e-006 0.0854937 0.987994 0.0120003  
6.12238e-006 0.0854937 0.987994 0.0120003  
6.09123e-006 0.0854938 0.987994 0.0120003  
6.06025e-006 0.0854938 0.987994 0.0120003  
6.02942e-006 0.0854938 0.987994 0.0120003  
5.99875e-006 0.0854939 0.987994 0.0120003  
5.96823e-006 0.0854939 0.987994 0.0120003  
5.93787e-006 0.0854939 0.987994 0.0120003  
5.90766e-006 0.0854939 0.987994 0.0120003  
5.87761e-006 0.085494 0.987994 0.0120003  
5.84771e-006 0.085494 0.987994 0.0120003  
5.81797e-006 0.085494 0.987994 0.0120003  
5.78837e-006 0.0854941 0.987994 0.0120003  
5.75892e-006 0.0854941 0.987994 0.0120003  
5.72963e-006 0.0854941 0.987994 0.0120003  
5.70048e-006 0.0854941 0.987994 0.0120003  
5.67148e-006 0.0854942 0.987994 0.0120003  
5.64263e-006 0.0854942 0.987994 0.0120003  
5.61393e-006 0.0854942 0.987994 0.0120003  
5.58537e-006 0.0854943 0.987994 0.0120003  
5.55696e-006 0.0854943 0.987994 0.0120003  
5.52869e-006 0.0854943 0.987994 0.0120003  
5.50056e-006 0.0854943 0.987994 0.0120003  
5.47258e-006 0.0854944 0.987994 0.0120003  
5.44474e-006 0.0854944 0.987994 0.0120003  
5.41705e-006 0.0854944 0.987994 0.0120003  
5.38949e-006 0.0854945 0.987994 0.0120003  
5.36207e-006 0.0854945 0.987994 0.0120003  
5.3348e-006 0.0854945 0.987994 0.0120003  
5.30766e-006 0.0854945 0.987994 0.0120003  
5.28066e-006 0.0854946 0.987994 0.0120003  
5.25379e-006 0.0854946 0.987994 0.0120003  
5.22707e-006 0.0854946 0.987994 0.0120003  
5.20048e-006 0.0854946 0.987994 0.0120003  
5.17402e-006 0.0854947 0.987995 0.0120003  
5.1477e-006 0.0854947 0.987995 0.0120003  
5.12152e-006 0.0854947 0.987995 0.0120003  
5.09546e-006 0.0854948 0.987995 0.0120003  
5.06954e-006 0.0854948 0.987995 0.0120003  
5.04375e-006 0.0854948 0.987995 0.0120003  
5.01809e-006 0.0854948 0.987995 0.0120003  
4.99257e-006 0.0854949 0.987995 0.0120003  
4.96717e-006 0.0854949 0.987995 0.0120003  
4.9419e-006 0.0854949 0.987995 0.0120003  
4.91676e-006 0.0854949 0.987995 0.0120003  
4.89175e-006 0.085495 0.987995 0.0120003  
4.86687e-006 0.085495 0.987995 0.0120003  
4.84211e-006 0.085495 0.987995 0.0120003  
4.81748e-006 0.085495 0.987995 0.0120003  
4.79297e-006 0.0854951 0.987995 0.0120003  
4.76859e-006 0.0854951 0.987995 0.0120003  
4.74433e-006 0.0854951 0.987995 0.0120003  
4.7202e-006 0.0854951 0.987995 0.0120003  
4.69618e-006 0.0854952 0.987995 0.0120003  
4.67229e-006 0.0854952 0.987995 0.0120003  
4.64853e-006 0.0854952 0.987995 0.0120003  
4.62488e-006 0.0854952 0.987995 0.0120003  
4.60135e-006 0.0854952 0.987995 0.0120003  
4.57795e-006 0.0854953 0.987995 0.0120003  
4.55466e-006 0.0854953 0.987995 0.0120003  
4.53149e-006 0.0854953 0.987995 0.0120003  
4.50844e-006 0.0854953 0.987995 0.0120003  
4.4855e-006 0.0854954 0.987995 0.0120003  
4.46268e-006 0.0854954 0.987995 0.0120003  
4.43998e-006 0.0854954 0.987995 0.0120003  
4.4174e-006 0.0854954 0.987995 0.0120003  
4.39492e-006 0.0854955 0.987995 0.0120003  
4.37257e-006 0.0854955 0.987995 0.0120003  
4.35032e-006 0.0854955 0.987995 0.0120003  
4.32819e-006 0.0854955 0.987995 0.0120003  
4.30618e-006 0.0854955 0.987995 0.0120003  
4.28427e-006 0.0854956 0.987995 0.0120003  
4.26248e-006 0.0854956 0.987995 0.0120003  
4.24079e-006 0.0854956 0.987995 0.0120003  
4.21922e-006 0.0854956 0.987995 0.0120003  
4.19776e-006 0.0854957 0.987996 0.0120003  
4.1764e-006 0.0854957 0.987996 0.0120003  
4.15516e-006 0.0854957 0.987996 0.0120003  
4.13402e-006 0.0854957 0.987996 0.0120003  
4.11299e-006 0.0854957 0.987996 0.0120003  
4.09207e-006 0.0854958 0.987996 0.0120003  
4.07125e-006 0.0854958 0.987996 0.0120003  
4.05054e-006 0.0854958 0.987996 0.0120003  
4.02993e-006 0.0854958 0.987996 0.0120003  
4.00943e-006 0.0854958 0.987996 0.0120003  
3.98904e-006 0.0854959 0.987996 0.0120003  
3.96875e-006 0.0854959 0.987996 0.0120003  
3.94856e-006 0.0854959 0.987996 0.0120003  
3.92847e-006 0.0854959 0.987996 0.0120003  
3.90849e-006 0.0854959 0.987996 0.0120003  
3.8886e-006 0.085496 0.987996 0.0120003  
3.86882e-006 0.085496 0.987996 0.0120003  
3.84914e-006 0.085496 0.987996 0.0120003  
3.82956e-006 0.085496 0.987996 0.0120003  
3.81008e-006 0.085496 0.987996 0.0120003  
3.7907e-006 0.0854961 0.987996 0.0120003  
3.77141e-006 0.0854961 0.987996 0.0120003  
3.75223e-006 0.0854961 0.987996 0.0120003  
3.73314e-006 0.0854961 0.987996 0.0120003  
3.71415e-006 0.0854961 0.987996 0.0120003  
3.69526e-006 0.0854962 0.987996 0.0120003  
3.67646e-006 0.0854962 0.987996 0.0120003  
3.65776e-006 0.0854962 0.987996 0.0120003  
3.63915e-006 0.0854962 0.987996 0.0120003  
3.62064e-006 0.0854962 0.987996 0.0120003  
3.60222e-006 0.0854962 0.987996 0.0120003  
3.58389e-006 0.0854963 0.987996 0.0120003  
3.56566e-006 0.0854963 0.987996 0.0120003  
3.54752e-006 0.0854963 0.987996 0.0120003  
3.52948e-006 0.0854963 0.987996 0.0120003  
3.51152e-006 0.0854963 0.987996 0.0120003  
3.49366e-006 0.0854964 0.987996 0.0120003  
3.47589e-006 0.0854964 0.987996 0.0120003  
3.45821e-006 0.0854964 0.987996 0.0120003  
3.44061e-006 0.0854964 0.987996 0.0120003  
3.42311e-006 0.0854964 0.987996 0.0120003  
3.4057e-006 0.0854964 0.987996 0.0120003  
3.38837e-006 0.0854965 0.987996 0.0120003  
3.37114e-006 0.0854965 0.987996 0.0120003  
3.35399e-006 0.0854965 0.987996 0.0120003  
3.33693e-006 0.0854965 0.987996 0.0120003  
3.31995e-006 0.0854965 0.987996 0.0120003  
3.30306e-006 0.0854965 0.987996 0.0120003  
3.28626e-006 0.0854966 0.987996 0.0120003  
3.26954e-006 0.0854966 0.987996 0.0120003  
3.25291e-006 0.0854966 0.987996 0.0120003  
3.23636e-006 0.0854966 0.987996 0.0120003  
3.2199e-006 0.0854966 0.987996 0.0120003  
3.20352e-006 0.0854966 0.987996 0.0120003  
3.18722e-006 0.0854967 0.987997 0.0120003  
3.17101e-006 0.0854967 0.987997 0.0120003  
3.15488e-006 0.0854967 0.987997 0.0120003  
3.13883e-006 0.0854967 0.987997 0.0120003  
3.12286e-006 0.0854967 0.987997 0.0120003  
3.10698e-006 0.0854967 0.987997 0.0120003  
3.09117e-006 0.0854968 0.987997 0.0120003  
3.07545e-006 0.0854968 0.987997 0.0120003  
3.0598e-006 0.0854968 0.987997 0.0120003  
3.04424e-006 0.0854968 0.987997 0.0120003  
3.02875e-006 0.0854968 0.987997 0.0120003  
3.01334e-006 0.0854968 0.987997 0.0120003  
2.99801e-006 0.0854969 0.987997 0.0120003  
2.98276e-006 0.0854969 0.987997 0.0120003  
2.96759e-006 0.0854969 0.987997 0.0120003  
2.95249e-006 0.0854969 0.987997 0.0120003  
2.93747e-006 0.0854969 0.987997 0.0120003  
2.92253e-006 0.0854969 0.987997 0.0120003  
2.90766e-006 0.0854969 0.987997 0.0120003  
2.89287e-006 0.085497 0.987997 0.0120003  
2.87816e-006 0.085497 0.987997 0.0120003  
2.86351e-006 0.085497 0.987997 0.0120003  
2.84895e-006 0.085497 0.987997 0.0120003  
2.83446e-006 0.085497 0.987997 0.0120003  
2.82004e-006 0.085497 0.987997 0.0120003  
2.80569e-006 0.085497 0.987997 0.0120003  
2.79142e-006 0.0854971 0.987997 0.0120003  
2.77722e-006 0.0854971 0.987997 0.0120003  
2.76309e-006 0.0854971 0.987997 0.0120003  
2.74903e-006 0.0854971 0.987997 0.0120003  
2.73505e-006 0.0854971 0.987997 0.0120003  
2.72114e-006 0.0854971 0.987997 0.0120003  
2.70729e-006 0.0854971 0.987997 0.0120003  
2.69352e-006 0.0854972 0.987997 0.0120003  
2.67982e-006 0.0854972 0.987997 0.0120003  
2.66619e-006 0.0854972 0.987997 0.0120003  
2.65263e-006 0.0854972 0.987997 0.0120003  
2.63913e-006 0.0854972 0.987997 0.0120003  
2.62571e-006 0.0854972 0.987997 0.0120003  
2.61235e-006 0.0854972 0.987997 0.0120003  
2.59906e-006 0.0854973 0.987997 0.0120003  
2.58584e-006 0.0854973 0.987997 0.0120003  
2.57268e-006 0.0854973 0.987997 0.0120003  
2.5596e-006 0.0854973 0.987997 0.0120003  
2.54658e-006 0.0854973 0.987997 0.0120003  
2.53362e-006 0.0854973 0.987997 0.0120003  
2.52073e-006 0.0854973 0.987997 0.0120003  
2.50791e-006 0.0854973 0.987997 0.0120003  
2.49515e-006 0.0854974 0.987997 0.0120003  
2.48246e-006 0.0854974 0.987997 0.0120003  
2.46983e-006 0.0854974 0.987997 0.0120003  
2.45727e-006 0.0854974 0.987997 0.0120003  
2.44477e-006 0.0854974 0.987997 0.0120003  
2.43233e-006 0.0854974 0.987997 0.0120003  
2.41996e-006 0.0854974 0.987997 0.0120003  
2.40765e-006 0.0854974 0.987997 0.0120003  
2.3954e-006 0.0854975 0.987997 0.0120003  
2.38321e-006 0.0854975 0.987997 0.0120003  
2.37109e-006 0.0854975 0.987997 0.0120003  
2.35903e-006 0.0854975 0.987997 0.0120003  
2.34703e-006 0.0854975 0.987997 0.0120003  
2.33509e-006 0.0854975 0.987997 0.0120003  
2.32321e-006 0.0854975 0.987997 0.0120003  
2.31139e-006 0.0854975 0.987997 0.0120003  
2.29963e-006 0.0854975 0.987997 0.0120003  
2.28793e-006 0.0854976 0.987997 0.0120003  
2.2763e-006 0.0854976 0.987997 0.0120003  
2.26472e-006 0.0854976 0.987997 0.0120003  
2.2532e-006 0.0854976 0.987997 0.0120003  
2.24173e-006 0.0854976 0.987997 0.0120003  
2.23033e-006 0.0854976 0.987997 0.0120003  
2.21898e-006 0.0854976 0.987997 0.0120003  
2.2077e-006 0.0854976 0.987997 0.0120003  
2.19647e-006 0.0854977 0.987998 0.0120003  
2.18529e-006 0.0854977 0.987998 0.0120003  
2.17418e-006 0.0854977 0.987998 0.0120003  
2.16312e-006 0.0854977 0.987998 0.0120003  
2.15211e-006 0.0854977 0.987998 0.0120003  
2.14116e-006 0.0854977 0.987998 0.0120003  
2.13027e-006 0.0854977 0.987998 0.0120003  
2.11944e-006 0.0854977 0.987998 0.0120003  
2.10865e-006 0.0854977 0.987998 0.0120003  
2.09793e-006 0.0854978 0.987998 0.0120003  
2.08725e-006 0.0854978 0.987998 0.0120003  
2.07664e-006 0.0854978 0.987998 0.0120003  
2.06607e-006 0.0854978 0.987998 0.0120003  
2.05556e-006 0.0854978 0.987998 0.0120003  
2.04511e-006 0.0854978 0.987998 0.0120003  
2.0347e-006 0.0854978 0.987998 0.0120003  
2.02435e-006 0.0854978 0.987998 0.0120003  
2.01405e-006 0.0854978 0.987998 0.0120003  
2.00381e-006 0.0854978 0.987998 0.0120003  
1.99361e-006 0.0854979 0.987998 0.0120003  
1.98347e-006 0.0854979 0.987998 0.0120003  
1.97338e-006 0.0854979 0.987998 0.0120003  
1.96334e-006 0.0854979 0.987998 0.0120003  
1.95336e-006 0.0854979 0.987998 0.0120003  
1.94342e-006 0.0854979 0.987998 0.0120003  
1.93353e-006 0.0854979 0.987998 0.0120003  
1.9237e-006 0.0854979 0.987998 0.0120003  
1.91391e-006 0.0854979 0.987998 0.0120003  
1.90418e-006 0.0854979 0.987998 0.0120003  
1.89449e-006 0.085498 0.987998 0.0120003  
1.88485e-006 0.085498 0.987998 0.0120003  
1.87526e-006 0.085498 0.987998 0.0120003  
1.86572e-006 0.085498 0.987998 0.0120003  
1.85623e-006 0.085498 0.987998 0.0120003  
1.84679e-006 0.085498 0.987998 0.0120003  
1.8374e-006 0.085498 0.987998 0.0120003  
1.82805e-006 0.085498 0.987998 0.0120003  
1.81875e-006 0.085498 0.987998 0.0120003  
1.8095e-006 0.085498 0.987998 0.0120003  
1.80029e-006 0.085498 0.987998 0.0120003  
1.79113e-006 0.0854981 0.987998 0.0120003  
1.78202e-006 0.0854981 0.987998 0.0120003  
1.77296e-006 0.0854981 0.987998 0.0120003  
1.76394e-006 0.0854981 0.987998 0.0120003  
1.75497e-006 0.0854981 0.987998 0.0120003  
1.74604e-006 0.0854981 0.987998 0.0120003  
1.73716e-006 0.0854981 0.987998 0.0120003  
1.72832e-006 0.0854981 0.987998 0.0120003  
1.71953e-006 0.0854981 0.987998 0.0120003  
1.71078e-006 0.0854981 0.987998 0.0120003  
1.70208e-006 0.0854981 0.987998 0.0120003  
1.69342e-006 0.0854982 0.987998 0.0120003  
1.6848e-006 0.0854982 0.987998 0.0120003  
1.67623e-006 0.0854982 0.987998 0.0120003  
1.66771e-006 0.0854982 0.987998 0.0120003  
1.65922e-006 0.0854982 0.987998 0.0120003  
1.65078e-006 0.0854982 0.987998 0.0120003  
1.64238e-006 0.0854982 0.987998 0.0120003  
1.63403e-006 0.0854982 0.987998 0.0120003  
1.62572e-006 0.0854982 0.987998 0.0120003  
1.61745e-006 0.0854982 0.987998 0.0120003  
1.60922e-006 0.0854982 0.987998 0.0120003  
1.60103e-006 0.0854982 0.987998 0.0120003  
1.59289e-006 0.0854983 0.987998 0.0120003  
1.58479e-006 0.0854983 0.987998 0.0120003  
1.57672e-006 0.0854983 0.987998 0.0120003  
1.5687e-006 0.0854983 0.987998 0.0120003  
1.56072e-006 0.0854983 0.987998 0.0120003  
1.55278e-006 0.0854983 0.987998 0.0120003  
1.54488e-006 0.0854983 0.987998 0.0120003  
1.53703e-006 0.0854983 0.987998 0.0120003  
1.52921e-006 0.0854983 0.987998 0.0120003  
1.52143e-006 0.0854983 0.987998 0.0120003  
1.51369e-006 0.0854983 0.987998 0.0120003  
1.50599e-006 0.0854983 0.987998 0.0120003  
1.49833e-006 0.0854984 0.987998 0.0120003  
1.49071e-006 0.0854984 0.987998 0.0120003  
1.48312e-006 0.0854984 0.987998 0.0120003  
1.47558e-006 0.0854984 0.987998 0.0120003  
1.46807e-006 0.0854984 0.987998 0.0120003  
1.4606e-006 0.0854984 0.987998 0.0120003  
1.45317e-006 0.0854984 0.987998 0.0120003  
1.44578e-006 0.0854984 0.987998 0.0120003  
1.43843e-006 0.0854984 0.987998 0.0120003  
1.43111e-006 0.0854984 0.987998 0.0120003  
1.42383e-006 0.0854984 0.987998 0.0120003  
1.41659e-006 0.0854984 0.987998 0.0120003  
1.40938e-006 0.0854984 0.987998 0.0120003  
1.40221e-006 0.0854984 0.987998 0.0120003  
1.39508e-006 0.0854985 0.987998 0.0120003  
1.38798e-006 0.0854985 0.987998 0.0120003  
1.38092e-006 0.0854985 0.987998 0.0120003  
1.37389e-006 0.0854985 0.987998 0.0120003  
1.36691e-006 0.0854985 0.987998 0.0120003  
1.35995e-006 0.0854985 0.987998 0.0120003  
1.35303e-006 0.0854985 0.987998 0.0120003  
1.34615e-006 0.0854985 0.987998 0.0120003  
1.3393e-006 0.0854985 0.987998 0.0120003  
1.33249e-006 0.0854985 0.987998 0.0120003  
1.32571e-006 0.0854985 0.987998 0.0120003  
1.31897e-006 0.0854985 0.987998 0.0120003  
1.31226e-006 0.0854985 0.987998 0.0120003  
1.30558e-006 0.0854985 0.987998 0.0120003  
1.29894e-006 0.0854986 0.987998 0.0120003  
1.29233e-006 0.0854986 0.987998 0.0120003  
1.28576e-006 0.0854986 0.987998 0.0120003  
1.27922e-006 0.0854986 0.987998 0.0120003  
1.27271e-006 0.0854986 0.987998 0.0120003  
1.26624e-006 0.0854986 0.987998 0.0120003  
1.2598e-006 0.0854986 0.987998 0.0120003  
1.25339e-006 0.0854986 0.987998 0.0120003  
1.24701e-006 0.0854986 0.987998 0.0120003  
1.24067e-006 0.0854986 0.987998 0.0120003  
1.23436e-006 0.0854986 0.987998 0.0120003  
1.22808e-006 0.0854986 0.987998 0.0120003  
1.22183e-006 0.0854986 0.987998 0.0120003  
1.21561e-006 0.0854986 0.987998 0.0120003  
1.20943e-006 0.0854986 0.987998 0.0120003  
1.20328e-006 0.0854986 0.987998 0.0120003  
1.19716e-006 0.0854987 0.987999 0.0120003  
1.19107e-006 0.0854987 0.987999 0.0120003  
1.18501e-006 0.0854987 0.987999 0.0120003  
1.17898e-006 0.0854987 0.987999 0.0120003  
1.17298e-006 0.0854987 0.987999 0.0120003  
1.16702e-006 0.0854987 0.987999 0.0120003  
1.16108e-006 0.0854987 0.987999 0.0120003  
1.15517e-006 0.0854987 0.987999 0.0120003  
1.1493e-006 0.0854987 0.987999 0.0120003  
1.14345e-006 0.0854987 0.987999 0.0120003  
1.13763e-006 0.0854987 0.987999 0.0120003  
1.13185e-006 0.0854987 0.987999 0.0120003  
1.12609e-006 0.0854987 0.987999 0.0120003  
