1 0 0 0  
1.00003 0.0698948 0.139825 -0.13986  
1.00007 0.139792 0.279654 -0.279724  
1.0001 0.209692 0.419488 -0.419593  
1.00014 0.279594 0.559328 -0.559468  
1.00017 0.349499 0.699172 -0.699347  
1.00021 0.419406 0.839021 -0.839231  
1.00024 0.489315 0.978875 -0.97912  
1.00028 0.559227 1.11873 -1.11901  
1.00031 0.629141 1.2586 -1.25891  
1.00035 0.699058 1.39847 -1.39882  
1.00038 0.768977 1.53834 -1.53872  
1.00042 0.838899 1.67822 -1.67864  
1.00045 0.908823 1.8181 -1.81856  
1.00049 0.97875 1.95799 -1.95848  
1.00052 1.04868 2.09788 -2.09841  
1.00056 1.11861 2.23778 -2.23834  
1.00059 1.18854 2.37768 -2.37828  
1.00063 1.25848 2.51759 -2.51822  
1.00066 1.32842 2.6575 -2.65817  
1.0007 1.39836 2.79742 -2.79812  
1.00073 1.4683 2.93734 -2.93808  
1.00077 1.53825 3.07727 -3.07804  
1.0008 1.6082 3.2172 -3.21801  
1.00084 1.67815 3.35714 -3.35798  
1.00087 1.7481 3.49708 -3.49796  
1.00091 1.81806 3.63703 -3.63794  
1.00094 1.88802 3.77698 -3.77792  
1.00098 1.95798 3.91694 -3.91792  
1.00101 2.02794 4.0569 -4.05791  
1.00105 2.09791 4.19686 -4.19791  
1.00108 2.16788 4.33684 -4.33792  
1.00112 2.23785 4.47681 -4.47793  
1.00115 2.30782 4.61679 -4.61795  
1.00119 2.37779 4.75678 -4.75797  
1.00122 2.44777 4.89677 -4.89799  
1.00126 2.51775 5.03676 -5.03802  
1.00129 2.58774 5.17677 -5.17806  
1.00133 2.65772 5.31677 -5.3181  
1.00136 2.72771 5.45678 -5.45814  
1.0014 2.7977 5.5968 -5.5982  
1.00143 2.86769 5.73682 -5.73825  
1.00147 2.93769 5.87684 -5.87831  
1.0015 3.00768 6.01687 -6.01837  
1.00154 3.07768 6.15691 -6.15844  
1.00157 3.14769 6.29695 -6.29852  
1.00161 3.21769 6.43699 -6.4386  
1.00164 3.2877 6.57704 -6.57868  
1.00168 3.35771 6.71709 -6.71877  
1.00171 3.42772 6.85715 -6.85887  
1.00175 3.49773 6.99722 -6.99897  
1.00178 3.56775 7.13729 -7.13907  
1.00182 3.63777 7.27736 -7.27918  
1.00185 3.70779 7.41744 -7.41929  
1.00189 3.77782 7.55752 -7.55941  
1.00192 3.84784 7.69761 -7.69953  
1.00196 3.91787 7.83771 -7.83966  
1.00199 3.98791 7.9778 -7.9798  
1.00203 4.05794 8.11791 -8.11993  
1.00206 4.12798 8.25801 -8.26008  
1.0021 4.19802 8.39813 -8.40023  
1.00213 4.26806 8.53825 -8.54038  
1.00217 4.3381 8.67837 -8.68054  
1.0022 4.40815 8.8185 -8.8207  
1.00224 4.4782 8.95863 -8.96087  
1.00227 4.54825 9.09877 -9.10104  
1.00231 4.6183 9.23891 -9.24122  
1.00234 4.68836 9.37906 -9.3814  
1.00238 4.75842 9.51921 -9.52159  
1.00241 4.82848 9.65936 -9.66178  
1.00245 4.89854 9.79953 -9.80197  
1.00248 4.96861 9.93969 -9.94218  
1.00252 5.03867 10.0799 -10.0824  
1.00255 5.10874 10.22 -10.2226  
1.00259 5.17882 10.3602 -10.3628  
1.00262 5.24889 10.5004 -10.503  
1.00266 5.31897 10.6406 -10.6433  
1.00269 5.38905 10.7808 -10.7835  
1.00273 5.45914 10.921 -10.9237  
1.00276 5.52922 11.0612 -11.064  
1.0028 5.59931 11.2014 -11.2042  
1.00283 5.6694 11.3416 -11.3445  
1.00287 5.73949 11.4819 -11.4847  
1.0029 5.80959 11.6221 -11.625  
1.00294 5.87968 11.7623 -11.7652  
1.00297 5.94978 11.9025 -11.9055  
1.00301 6.01989 12.0428 -12.0458  
1.00304 6.08999 12.183 -12.1861  
1.00308 6.1601 12.3233 -12.3264  
1.00311 6.23021 12.4635 -12.4666  
1.00315 6.30032 12.6038 -12.6069  
1.00318 6.37044 12.7441 -12.7472  
1.00322 6.44055 12.8843 -12.8875  
1.00325 6.51067 13.0246 -13.0279  
1.00329 6.5808 13.1649 -13.1682  
1.00332 6.65092 13.3052 -13.3085  
1.00336 6.72105 13.4455 -13.4488  
1.00339 6.79118 13.5857 -13.5891  
1.00343 6.86131 13.726 -13.7295  
1.00346 6.93144 13.8663 -13.8698  
1.0035 7.00158 14.0067 -14.0102  
1.00353 7.07172 14.147 -14.1505  
1.00357 7.14186 14.2873 -14.2909  
1.0036 7.21201 14.4276 -14.4312  
1.00364 7.28215 14.5679 -14.5716  
1.00367 7.3523 14.7083 -14.7119  
1.00371 7.42245 14.8486 -14.8523  
1.00374 7.49261 14.989 -14.9927  
1.00378 7.56276 15.1293 -15.1331  
1.00381 7.63292 15.2697 -15.2735  
1.00385 7.70308 15.41 -15.4139  
1.00388 7.77325 15.5504 -15.5543  
1.00392 7.84341 15.6907 -15.6947  
1.00395 7.91358 15.8311 -15.8351  
1.00399 7.98375 15.9715 -15.9755  
1.00402 8.05393 16.1119 -16.1159  
1.00406 8.1241 16.2523 -16.2563  
1.00409 8.19428 16.3926 -16.3967  
1.00413 8.26446 16.533 -16.5372  
1.00416 8.33464 16.6734 -16.6776  
1.0042 8.40483 16.8139 -16.818  
1.00423 8.47502 16.9543 -16.9585  
1.00427 8.54521 17.0947 -17.0989  
1.0043 8.6154 17.2351 -17.2394  
1.00434 8.6856 17.3755 -17.3799  
1.00437 8.75579 17.516 -17.5203  
1.00441 8.82599 17.6564 -17.6608  
1.00444 8.8962 17.7968 -17.8013  
1.00448 8.9664 17.9373 -17.9418  
1.00451 9.03661 18.0777 -18.0822  
1.00454 9.10682 18.2182 -18.2227  
1.00458 9.17703 18.3586 -18.3632  
1.00461 9.24725 18.4991 -18.5037  
1.00465 9.31747 18.6396 -18.6442  
1.00468 9.38769 18.7801 -18.7847  
1.00472 9.45791 18.9205 -18.9253  
1.00475 9.52813 19.061 -19.0658  
1.00479 9.59836 19.2015 -19.2063  
1.00482 9.66859 19.342 -19.3468  
1.00486 9.73882 19.4825 -19.4874  
1.00489 9.80906 19.623 -19.6279  
1.00493 9.87929 19.7635 -19.7684  
1.00496 9.94953 19.904 -19.909  
1.005 10.0198 20.0445 -20.0495  
1.00503 10.09 20.1851 -20.1901  
1.00507 10.1603 20.3256 -20.3307  
1.0051 10.2305 20.4661 -20.4712  
1.00514 10.3008 20.6067 -20.6118  
1.00517 10.371 20.7472 -20.7524  
1.00521 10.4413 20.8878 -20.893  
1.00524 10.5115 21.0283 -21.0336  
1.00528 10.5818 21.1689 -21.1742  
1.00531 10.6521 21.3094 -21.3148  
1.00535 10.7223 21.45 -21.4554  
1.00538 10.7926 21.5906 -21.596  
1.00542 10.8629 21.7312 -21.7366  
1.00545 10.9331 21.8717 -21.8772  
1.00549 11.0034 22.0123 -22.0178  
1.00552 11.0737 22.1529 -22.1584  
1.00556 11.144 22.2935 -22.2991  
1.00559 11.2143 22.4341 -22.4397  
1.00563 11.2845 22.5747 -22.5803  
1.00566 11.3548 22.7153 -22.721  
1.0057 11.4251 22.8559 -22.8616  
1.00573 11.4954 22.9966 -23.0023  
1.00577 11.5657 23.1372 -23.143  
1.0058 11.636 23.2778 -23.2836  
1.00584 11.7063 23.4185 -23.4243  
1.00587 11.7766 23.5591 -23.565  
1.00591 11.8469 23.6998 -23.7057  
1.00594 11.9172 23.8404 -23.8463  
1.00598 11.9875 23.9811 -23.987  
1.00601 12.0579 24.1217 -24.1277  
1.00605 12.1282 24.2624 -24.2684  
1.00608 12.1985 24.4031 -24.4091  
1.00612 12.2688 24.5437 -24.5498  
1.00615 12.3391 24.6844 -24.6906  
1.00619 12.4095 24.8251 -24.8313  
1.00622 12.4798 24.9658 -24.972  
1.00626 12.5501 25.1065 -25.1127  
1.00629 12.6204 25.2472 -25.2535  
1.00633 12.6908 25.3879 -25.3942  
1.00636 12.7611 25.5286 -25.535  
1.0064 12.8315 25.6693 -25.6757  
1.00643 12.9018 25.81 -25.8165  
1.00647 12.9721 25.9507 -25.9572  
1.0065 13.0425 26.0915 -26.098  
1.00654 13.1128 26.2322 -26.2387  
1.00657 13.1832 26.373 -26.3795  
1.00661 13.2535 26.5137 -26.5203  
1.00664 13.3239 26.6544 -26.6611  
1.00668 13.3943 26.7952 -26.8019  
1.00671 13.4646 26.936 -26.9427  
1.00675 13.535 27.0767 -27.0835  
1.00678 13.6054 27.2175 -27.2243  
1.00682 13.6757 27.3583 -27.3651  
1.00685 13.7461 27.499 -27.5059  
1.00689 13.8165 27.6398 -27.6467  
1.00692 13.8868 27.7806 -27.7875  
1.00696 13.9572 27.9214 -27.9284  
1.00699 14.0276 28.0622 -28.0692  
1.00703 14.098 28.203 -28.21  
1.00706 14.1684 28.3438 -28.3509  
1.0071 14.2388 28.4846 -28.4917  
1.00713 14.3092 28.6254 -28.6326  
1.00717 14.3795 28.7663 -28.7734  
1.0072 14.4499 28.9071 -28.9143  
1.00724 14.5203 29.0479 -29.0552  
1.00727 14.5907 29.1888 -29.196  
1.00731 14.6611 29.3296 -29.3369  
1.00734 14.7315 29.4704 -29.4778  
1.00738 14.802 29.6113 -29.6187  
1.00741 14.8724 29.7521 -29.7596  
1.00745 14.9428 29.893 -29.9005  
1.00748 15.0132 30.0339 -30.0414  
1.00752 15.0836 30.1747 -30.1823  
1.00755 15.154 30.3156 -30.3232  
1.00759 15.2245 30.4565 -30.4641  
1.00762 15.2949 30.5974 -30.605  
1.00766 15.3653 30.7383 -30.7459  
1.00769 15.4357 30.8792 -30.8869  
1.00773 15.5062 31.0201 -31.0278  
1.00776 15.5766 31.161 -31.1687  
1.0078 15.647 31.3019 -31.3097  
1.00783 15.7175 31.4428 -31.4506  
1.00787 15.7879 31.5837 -31.5916  
1.0079 15.8584 31.7246 -31.7325  
1.00794 15.9288 31.8656 -31.8735  
1.00797 15.9993 32.0065 -32.0145  
1.00801 16.0697 32.1474 -32.1555  
1.00804 16.1402 32.2884 -32.2964  
1.00808 16.2106 32.4293 -32.4374  
1.00811 16.2811 32.5703 -32.5784  
1.00815 16.3516 32.7113 -32.7194  
1.00818 16.422 32.8522 -32.8604  
1.00822 16.4925 32.9932 -33.0014  
1.00825 16.563 33.1342 -33.1424  
1.00829 16.6334 33.2751 -33.2834  
1.00832 16.7039 33.4161 -33.4244  
1.00836 16.7744 33.5571 -33.5655  
1.00839 16.8449 33.6981 -33.7065  
1.00843 16.9153 33.8391 -33.8475  
1.00846 16.9858 33.9801 -33.9886  
1.0085 17.0563 34.1211 -34.1296  
1.00853 17.1268 34.2621 -34.2707  
1.00857 17.1973 34.4031 -34.4117  
1.0086 17.2678 34.5442 -34.5528  
1.00864 17.3383 34.6852 -34.6938  
1.00867 17.4088 34.8262 -34.8349  
1.00871 17.4793 34.9673 -34.976  
1.00874 17.5498 35.1083 -35.117  
1.00878 17.6203 35.2493 -35.2581  
1.00881 17.6908 35.3904 -35.3992  
1.00885 17.7613 35.5315 -35.5403  
1.00888 17.8318 35.6725 -35.6814  
1.00892 17.9023 35.8136 -35.8225  
1.00895 17.9729 35.9547 -35.9636  
1.00898 18.0434 36.0957 -36.1047  
1.00902 18.1139 36.2368 -36.2458  
1.00905 18.1844 36.3779 -36.3869  
1.00909 18.2549 36.519 -36.5281  
1.00912 18.3255 36.6601 -36.6692  
1.00916 18.396 36.8012 -36.8103  
1.00919 18.4665 36.9423 -36.9515  
1.00923 18.5371 37.0834 -37.0926  
1.00926 18.6076 37.2245 -37.2338  
1.0093 18.6782 37.3656 -37.3749  
1.00933 18.7487 37.5068 -37.5161  
1.00937 18.8193 37.6479 -37.6573  
1.0094 18.8898 37.789 -37.7984  
1.00944 18.9604 37.9302 -37.9396  
1.00947 19.0309 38.0713 -38.0808  
1.00951 19.1015 38.2125 -38.222  
1.00954 19.172 38.3536 -38.3632  
1.00958 19.2426 38.4948 -38.5043  
1.00961 19.3132 38.6359 -38.6455  
1.00965 19.3837 38.7771 -38.7867  
1.00968 19.4543 38.9183 -38.928  
1.00972 19.5249 39.0595 -39.0692  
1.00975 19.5954 39.2006 -39.2104  
1.00979 19.666 39.3418 -39.3516  
1.00982 19.7366 39.483 -39.4928  
1.00986 19.8072 39.6242 -39.6341  
1.00989 19.8778 39.7654 -39.7753  
1.00993 19.9483 39.9066 -39.9166  
1.00996 20.0189 40.0478 -40.0578  
1.01 20.0895 40.1891 -40.1991  
1.01003 20.1601 40.3303 -40.3403  
1.01007 20.2307 40.4715 -40.4816  
1.0101 20.3013 40.6127 -40.6228  
1.01014 20.3719 40.754 -40.7641  
1.01017 20.4425 40.8952 -40.9054  
1.01021 20.5131 41.0365 -41.0467  
1.01024 20.5837 41.1777 -41.188  
1.01028 20.6543 41.319 -41.3293  
1.01031 20.725 41.4602 -41.4706  
1.01035 20.7956 41.6015 -41.6119  
1.01038 20.8662 41.7428 -41.7532  
1.01042 20.9368 41.8841 -41.8945  
1.01045 21.0074 42.0253 -42.0358  
1.01049 21.0781 42.1666 -42.1771  
1.01052 21.1487 42.3079 -42.3184  
1.01056 21.2193 42.4492 -42.4598  
1.01059 21.29 42.5905 -42.6011  
1.01063 21.3606 42.7318 -42.7424  
1.01066 21.4312 42.8731 -42.8838  
1.0107 21.5019 43.0144 -43.0251  
1.01073 21.5725 43.1558 -43.1665  
1.01077 21.6432 43.2971 -43.3079  
1.0108 21.7138 43.4384 -43.4492  
1.01084 21.7845 43.5797 -43.5906  
1.01087 21.8551 43.7211 -43.732  
1.01091 21.9258 43.8624 -43.8733  
1.01094 21.9964 44.0038 -44.0147  
1.01098 22.0671 44.1451 -44.1561  
1.01101 22.1377 44.2865 -44.2975  
1.01105 22.2084 44.4279 -44.4389  
1.01108 22.2791 44.5692 -44.5803  
1.01112 22.3497 44.7106 -44.7217  
1.01115 22.4204 44.852 -44.8631  
1.01119 22.4911 44.9934 -45.0046  
1.01122 22.5618 45.1348 -45.146  
1.01126 22.6324 45.2762 -45.2874  
1.01129 22.7031 45.4176 -45.4288  
1.01133 22.7738 45.559 -45.5703  
1.01136 22.8445 45.7004 -45.7117  
1.0114 22.9152 45.8418 -45.8532  
1.01143 22.9859 45.9832 -45.9946  
1.01147 23.0566 46.1246 -46.1361  
1.0115 23.1273 46.266 -46.2775  
1.01154 23.198 46.4075 -46.419  
1.01157 23.2687 46.5489 -46.5605  
1.01161 23.3394 46.6904 -46.702  
1.01164 23.4101 46.8318 -46.8434  
1.01168 23.4808 46.9733 -46.9849  
1.01171 23.5515 47.1147 -47.1264  
1.01175 23.6222 47.2562 -47.2679  
1.01178 23.6929 47.3976 -47.4094  
1.01182 23.7636 47.5391 -47.5509  
1.01185 23.8344 47.6806 -47.6924  
1.01189 23.9051 47.8221 -47.834  
1.01192 23.9758 47.9636 -47.9755  
1.01196 24.0465 48.1051 -48.117  
1.01199 24.1173 48.2465 -48.2585  
1.01203 24.188 48.3881 -48.4001  
1.01206 24.2587 48.5296 -48.5416  
1.0121 24.3295 48.6711 -48.6832  
1.01213 24.4002 48.8126 -48.8247  
1.01217 24.471 48.9541 -48.9663  
1.0122 24.5417 49.0956 -49.1078  
1.01224 24.6125 49.2372 -49.2494  
1.01227 24.6832 49.3787 -49.391  
1.01231 24.754 49.5202 -49.5325  
1.01234 24.8247 49.6618 -49.6741  
1.01238 24.8955 49.8033 -49.8157  
1.01241 24.9662 49.9449 -49.9573  
1.01245 25.037 50.0864 -50.0989  
1.01248 25.1078 50.228 -50.2405  
1.01252 25.1785 50.3696 -50.3821  
1.01255 25.2493 50.5112 -50.5237  
1.01259 25.3201 50.6527 -50.6653  
1.01262 25.3909 50.7943 -50.8069  
1.01266 25.4616 50.9359 -50.9486  
1.01269 25.5324 51.0775 -51.0902  
1.01273 25.6032 51.2191 -51.2318  
1.01276 25.674 51.3607 -51.3735  
1.0128 25.7448 51.5023 -51.5151  
1.01283 25.8155 51.6439 -51.6568  
1.01287 25.8863 51.7855 -51.7984  
1.0129 25.9571 51.9272 -51.9401  
1.01294 26.0279 52.0688 -52.0817  
1.01297 26.0987 52.2104 -52.2234  
1.01301 26.1695 52.3521 -52.3651  
1.01304 26.2403 52.4937 -52.5068  
1.01308 26.3111 52.6354 -52.6484  
1.01311 26.382 52.777 -52.7901  
1.01315 26.4528 52.9187 -52.9318  
1.01318 26.5236 53.0603 -53.0735  
1.01322 26.5944 53.202 -53.2152  
1.01325 26.6652 53.3437 -53.3569  
1.01329 26.736 53.4854 -53.4986  
1.01332 26.8069 53.627 -53.6404  
1.01336 26.8777 53.7687 -53.7821  
1.01339 26.9485 53.9104 -53.9238  
1.01343 27.0193 54.0521 -54.0655  
1.01346 27.0902 54.1938 -54.2073  
1.01349 27.161 54.3355 -54.349  
1.01353 27.2319 54.4772 -54.4908  
1.01356 27.3027 54.6189 -54.6325  
1.0136 27.3735 54.7607 -54.7743  
1.01363 27.4444 54.9024 -54.916  
1.01367 27.5152 55.0441 -55.0578  
1.0137 27.5861 55.1859 -55.1996  
1.01374 27.6569 55.3276 -55.3413  
1.01377 27.7278 55.4693 -55.4831  
1.01381 27.7986 55.6111 -55.6249  
1.01384 27.8695 55.7529 -55.7667  
1.01388 27.9404 55.8946 -55.9085  
1.01391 28.0112 56.0364 -56.0503  
1.01395 28.0821 56.1781 -56.1921  
1.01398 28.153 56.3199 -56.3339  
1.01402 28.2238 56.4617 -56.4757  
1.01405 28.2947 56.6035 -56.6175  
1.01409 28.3656 56.7453 -56.7594  
1.01412 28.4365 56.8871 -56.9012  
1.01416 28.5074 57.0289 -57.043  
1.01419 28.5782 57.1707 -57.1849  
1.01423 28.6491 57.3125 -57.3267  
1.01426 28.72 57.4543 -57.4686  
1.0143 28.7909 57.5961 -57.6104  
1.01433 28.8618 57.7379 -57.7523  
1.01437 28.9327 57.8798 -57.8941  
1.0144 29.0036 58.0216 -58.036  
1.01444 29.0745 58.1634 -58.1779  
1.01447 29.1454 58.3053 -58.3198  
1.01451 29.2163 58.4471 -58.4616  
1.01454 29.2872 58.589 -58.6035  
1.01458 29.3581 58.7308 -58.7454  
1.01461 29.429 58.8727 -58.8873  
1.01465 29.5 59.0146 -59.0292  
1.01468 29.5709 59.1565 -59.1711  
1.01472 29.6418 59.2983 -59.313  
1.01475 29.7127 59.4402 -59.455  
1.01479 29.7837 59.5821 -59.5969  
1.01482 29.8546 59.724 -59.7388  
1.01486 29.9255 59.8659 -59.8807  
1.01489 29.9964 60.0078 -60.0227  
1.01493 30.0674 60.1497 -60.1646  
1.01496 30.1383 60.2916 -60.3066  
1.015 30.2093 60.4335 -60.4485  
1.01503 30.2802 60.5754 -60.5905  
1.01507 30.3512 60.7174 -60.7324  
1.0151 30.4221 60.8593 -60.8744  
1.01514 30.4931 61.0012 -61.0164  
1.01517 30.564 61.1432 -61.1584  
1.01521 30.635 61.2851 -61.3003  
1.01524 30.7059 61.4271 -61.4423  
1.01528 30.7769 61.569 -61.5843  
1.01531 30.8478 61.711 -61.7263  
1.01535 30.9188 61.853 -61.8683  
1.01538 30.9898 61.9949 -62.0103  
1.01542 31.0607 62.1369 -62.1523  
1.01545 31.1317 62.2789 -62.2943  
1.01549 31.2027 62.4209 -62.4364  
1.01552 31.2737 62.5629 -62.5784  
1.01556 31.3447 62.7049 -62.7204  
1.01559 31.4156 62.8469 -62.8625  
1.01563 31.4866 62.9889 -63.0045  
1.01566 31.5576 63.1309 -63.1465  
1.0157 31.6286 63.2729 -63.2886  
1.01573 31.6996 63.4149 -63.4306  
1.01577 31.7706 63.5569 -63.5727  
1.0158 31.8416 63.699 -63.7148  
1.01584 31.9126 63.841 -63.8568  
1.01587 31.9836 63.983 -63.9989  
1.01591 32.0546 64.1251 -64.141  
1.01594 32.1256 64.2671 -64.2831  
1.01598 32.1966 64.4092 -64.4252  
1.01601 32.2676 64.5512 -64.5673  
1.01605 32.3386 64.6933 -64.7094  
1.01608 32.4096 64.8354 -64.8515  
1.01612 32.4807 64.9774 -64.9936  
1.01615 32.5517 65.1195 -65.1357  
1.01619 32.6227 65.2616 -65.2778  
1.01622 32.6937 65.4037 -65.4199  
1.01626 32.7648 65.5458 -65.562  
1.01629 32.8358 65.6879 -65.7042  
1.01633 32.9068 65.83 -65.8463  
1.01636 32.9779 65.9721 -65.9885  
1.0164 33.0489 66.1142 -66.1306  
1.01643 33.1199 66.2563 -66.2728  
1.01647 33.191 66.3984 -66.4149  
1.0165 33.262 66.5406 -66.5571  
1.01654 33.3331 66.6827 -66.6992  
1.01657 33.4041 66.8248 -66.8414  
1.01661 33.4752 66.967 -66.9836  
1.01664 33.5462 67.1091 -67.1258  
1.01668 33.6173 67.2513 -67.268  
1.01671 33.6884 67.3934 -67.4101  
1.01675 33.7594 67.5356 -67.5523  
1.01678 33.8305 67.6778 -67.6945  
1.01682 33.9016 67.8199 -67.8368  
1.01685 33.9726 67.9621 -67.979  
1.01689 34.0437 68.1043 -68.1212  
1.01692 34.1148 68.2465 -68.2634  
1.01696 34.1859 68.3887 -68.4056  
1.01699 34.2569 68.5309 -68.5479  
1.01703 34.328 68.6731 -68.6901  
1.01706 34.3991 68.8153 -68.8323  
1.0171 34.4702 68.9575 -68.9746  
1.01713 34.5413 69.0997 -69.1168  
1.01717 34.6124 69.2419 -69.2591  
1.0172 34.6835 69.3841 -69.4013  
1.01724 34.7546 69.5264 -69.5436  
1.01727 34.8257 69.6686 -69.6859  
1.01731 34.8968 69.8108 -69.8281  
1.01734 34.9679 69.9531 -69.9704  
1.01738 35.039 70.0953 -70.1127  
1.01741 35.1101 70.2376 -70.255  
1.01745 35.1812 70.3799 -70.3973  
1.01748 35.2523 70.5221 -70.5396  
1.01752 35.3234 70.6644 -70.6819  
1.01755 35.3946 70.8067 -70.8242  
1.01759 35.4657 70.9489 -70.9665  
1.01762 35.5368 71.0912 -71.1088  
1.01766 35.6079 71.2335 -71.2512  
1.01769 35.6791 71.3758 -71.3935  
1.01773 35.7502 71.5181 -71.5358  
1.01776 35.8213 71.6604 -71.6782  
1.0178 35.8925 71.8027 -71.8205  
1.01783 35.9636 71.945 -71.9629  
1.01787 36.0347 72.0873 -72.1052  
1.0179 36.1059 72.2297 -72.2476  
1.01793 36.177 72.372 -72.3899  
1.01797 36.2482 72.5143 -72.5323  
1.018 36.3193 72.6567 -72.6747  
1.01804 36.3905 72.799 -72.817  
1.01807 36.4616 72.9413 -72.9594  
1.01811 36.5328 73.0837 -73.1018  
1.01814 36.604 73.2261 -73.2442  
1.01818 36.6751 73.3684 -73.3866  
1.01821 36.7463 73.5108 -73.529  
1.01825 36.8175 73.6532 -73.6714  
1.01828 36.8886 73.7955 -73.8138  
1.01832 36.9598 73.9379 -73.9562  
1.01835 37.031 74.0803 -74.0987  
1.01839 37.1022 74.2227 -74.2411  
1.01842 37.1733 74.3651 -74.3835  
1.01846 37.2445 74.5075 -74.5259  
1.01849 37.3157 74.6499 -74.6684  
1.01853 37.3869 74.7923 -74.8108  
1.01856 37.4581 74.9347 -74.9533  
1.0186 37.5293 75.0771 -75.0957  
1.01863 37.6005 75.2196 -75.2382  
1.01867 37.6717 75.362 -75.3807  
1.0187 37.7429 75.5044 -75.5231  
1.01874 37.8141 75.6469 -75.6656  
1.01877 37.8853 75.7893 -75.8081  
1.01881 37.9565 75.9318 -75.9506  
1.01884 38.0277 76.0742 -76.0931  
1.01888 38.0989 76.2167 -76.2356  
1.01891 38.1701 76.3591 -76.3781  
1.01895 38.2413 76.5016 -76.5206  
1.01898 38.3126 76.6441 -76.6631  
1.01902 38.3838 76.7866 -76.8056  
1.01905 38.455 76.929 -76.9481  
1.01909 38.5262 77.0715 -77.0906  
1.01912 38.5975 77.214 -77.2332  
1.01916 38.6687 77.3565 -77.3757  
1.01919 38.7399 77.499 -77.5182  
1.01923 38.8112 77.6415 -77.6608  
1.01926 38.8824 77.7841 -77.8033  
1.0193 38.9536 77.9266 -77.9459  
1.01933 39.0249 78.0691 -78.0884  
1.01937 39.0961 78.2116 -78.231  
1.0194 39.1674 78.3542 -78.3736  
1.01944 39.2386 78.4967 -78.5161  
1.01947 39.3099 78.6392 -78.6587  
1.01951 39.3811 78.7818 -78.8013  
1.01954 39.4524 78.9243 -78.9439  
1.01958 39.5237 79.0669 -79.0865  
1.01961 39.5949 79.2095 -79.2291  
1.01965 39.6662 79.352 -79.3717  
1.01968 39.7375 79.4946 -79.5143  
1.01972 39.8087 79.6372 -79.6569  
1.01975 39.88 79.7798 -79.7995  
1.01979 39.9513 79.9223 -79.9421  
1.01982 40.0226 80.0649 -80.0848  
1.01986 40.0938 80.2075 -80.2274  
1.01989 40.1651 80.3501 -80.37  
1.01993 40.2364 80.4927 -80.5127  
1.01996 40.3077 80.6353 -80.6553  
1.02 40.379 80.778 -80.798  
1.02003 40.4503 80.9206 -80.9406  
1.02007 40.5216 81.0632 -81.0833  
1.0201 40.5929 81.2058 -81.2259  
1.02014 40.6642 81.3485 -81.3686  
1.02017 40.7355 81.4911 -81.5113  
1.02021 40.8068 81.6338 -81.654  
1.02024 40.8781 81.7764 -81.7966  
1.02028 40.9494 81.9191 -81.9393  
1.02031 41.0207 82.0617 -82.082  
1.02035 41.092 82.2044 -82.2247  
1.02038 41.1633 82.3471 -82.3674  
1.02042 41.2347 82.4897 -82.5101  
1.02045 41.306 82.6324 -82.6529  
1.02049 41.3773 82.7751 -82.7956  
1.02052 41.4486 82.9178 -82.9383  
1.02056 41.52 83.0605 -83.081  
1.02059 41.5913 83.2032 -83.2238  
1.02063 41.6626 83.3459 -83.3665  
1.02066 41.734 83.4886 -83.5093  
1.0207 41.8053 83.6313 -83.652  
1.02073 41.8766 83.774 -83.7948  
1.02077 41.948 83.9167 -83.9375  
1.0208 42.0193 84.0595 -84.0803  
1.02084 42.0907 84.2022 -84.223  
1.02087 42.162 84.3449 -84.3658  
1.02091 42.2334 84.4877 -84.5086  
1.02094 42.3047 84.6304 -84.6514  
1.02098 42.3761 84.7732 -84.7942  
1.02101 42.4475 84.9159 -84.937  
1.02105 42.5188 85.0587 -85.0798  
1.02108 42.5902 85.2015 -85.2226  
1.02112 42.6616 85.3442 -85.3654  
1.02115 42.7329 85.487 -85.5082  
1.02119 42.8043 85.6298 -85.651  
1.02122 42.8757 85.7726 -85.7938  
1.02126 42.9471 85.9154 -85.9366  
1.02129 43.0184 86.0582 -86.0795  
1.02133 43.0898 86.201 -86.2223  
1.02136 43.1612 86.3438 -86.3652  
1.0214 43.2326 86.4866 -86.508  
1.02143 43.304 86.6294 -86.6508  
1.02147 43.3754 86.7722 -86.7937  
1.0215 43.4468 86.9151 -86.9366  
1.02154 43.5182 87.0579 -87.0794  
1.02157 43.5896 87.2007 -87.2223  
1.02161 43.661 87.3436 -87.3652  
1.02164 43.7324 87.4864 -87.5081  
1.02168 43.8038 87.6293 -87.6509  
1.02171 43.8752 87.7721 -87.7938  
1.02175 43.9466 87.915 -87.9367  
1.02178 44.018 88.0578 -88.0796  
1.02182 44.0895 88.2007 -88.2225  
1.02185 44.1609 88.3436 -88.3654  
1.02189 44.2323 88.4865 -88.5084  
1.02192 44.3037 88.6294 -88.6513  
1.02196 44.3751 88.7722 -88.7942  
1.02199 44.4466 88.9151 -88.9371  
1.02203 44.518 89.058 -89.0801  
1.02206 44.5894 89.2009 -89.223  
1.0221 44.6609 89.3439 -89.3659  
1.02213 44.7323 89.4868 -89.5089  
1.02217 44.8038 89.6297 -89.6519  
1.0222 44.8752 89.7726 -89.7948  
1.02224 44.9467 89.9155 -89.9378  
1.02227 45.0181 90.0585 -90.0807  
1.02231 45.0896 90.2014 -90.2237  
1.02234 45.161 90.3444 -90.3667  
1.02238 45.2325 90.4873 -90.5097  
1.02241 45.3039 90.6303 -90.6527  
1.02244 45.3754 90.7732 -90.7957  
1.02248 45.4468 90.9162 -90.9387  
1.02251 45.5183 91.0591 -91.0817  
1.02255 45.5898 91.2021 -91.2247  
1.02258 45.6613 91.3451 -91.3677  
1.02262 45.7327 91.4881 -91.5107  
1.02265 45.8042 91.6311 -91.6537  
1.02269 45.8757 91.7741 -91.7967  
1.02272 45.9472 91.9171 -91.9398  
1.02276 46.0186 92.0601 -92.0828  
1.02279 46.0901 92.2031 -92.2259  
1.02283 46.1616 92.3461 -92.3689  
1.02286 46.2331 92.4891 -92.512  
1.0229 46.3046 92.6321 -92.655  
1.02293 46.3761 92.7751 -92.7981  
1.02297 46.4476 92.9182 -92.9411  
1.023 46.5191 93.0612 -93.0842  
1.02304 46.5906 93.2042 -93.2273  
1.02307 46.6621 93.3473 -93.3704  
1.02311 46.7336 93.4903 -93.5135  
1.02314 46.8051 93.6334 -93.6565  
1.02318 46.8766 93.7765 -93.7996  
1.02321 46.9482 93.9195 -93.9427  
1.02325 47.0197 94.0626 -94.0858  
1.02328 47.0912 94.2057 -94.229  
1.02332 47.1627 94.3488 -94.3721  
1.02335 47.2342 94.4918 -94.5152  
1.02339 47.3058 94.6349 -94.6583  
1.02342 47.3773 94.778 -94.8014  
1.02346 47.4488 94.9211 -94.9446  
1.02349 47.5204 95.0642 -95.0877  
1.02353 47.5919 95.2073 -95.2309  
1.02356 47.6634 95.3505 -95.374  
1.0236 47.735 95.4936 -95.5172  
1.02363 47.8065 95.6367 -95.6603  
1.02367 47.8781 95.7798 -95.8035  
1.0237 47.9496 95.923 -95.9467  
1.02374 48.0212 96.0661 -96.0898  
1.02377 48.0927 96.2092 -96.233  
1.02381 48.1643 96.3524 -96.3762  
1.02384 48.2358 96.4955 -96.5194  
1.02388 48.3074 96.6387 -96.6626  
1.02391 48.379 96.7819 -96.8058  
1.02395 48.4505 96.925 -96.949  
1.02398 48.5221 97.0682 -97.0922  
1.02402 48.5937 97.2114 -97.2354  
1.02405 48.6653 97.3546 -97.3786  
1.02409 48.7368 97.4978 -97.5218  
1.02412 48.8084 97.6409 -97.6651  
1.02416 48.88 97.7841 -97.8083  
1.02419 48.9516 97.9273 -97.9515  
1.02423 49.0232 98.0706 -98.0948  
1.02426 49.0948 98.2138 -98.238  
1.0243 49.1663 98.357 -98.3813  
1.02433 49.2379 98.5002 -98.5245  
1.02437 49.3095 98.6434 -98.6678  
1.0244 49.3811 98.7867 -98.8111  
1.02444 49.4527 98.9299 -98.9543  
1.02447 49.5243 99.0731 -99.0976  
1.02451 49.5959 99.2164 -99.2409  
1.02454 49.6675 99.3596 -99.3842  
1.02458 49.7392 99.5029 -99.5275  
1.02461 49.8108 99.6462 -99.6708  
1.02465 49.8824 99.7894 -99.8141  
1.02468 49.954 99.9327 -99.9574  
1.02472 50.0256 100.076 -100.101  
1.02475 50.0972 100.219 -100.244  
1.02479 50.1689 100.363 -100.387  
1.02482 50.2405 100.506 -100.531  
1.02486 50.3121 100.649 -100.674  
1.02489 50.3838 100.792 -100.817  
1.02493 50.4554 100.936 -100.961  
1.02496 50.527 101.079 -101.104  
1.025 50.5987 101.222 -101.247  
1.02503 50.6703 101.366 -101.391  
1.02507 50.742 101.509 -101.534  
1.0251 50.8136 101.652 -101.677  
1.02514 50.8853 101.796 -101.821  
1.02517 50.9569 101.939 -101.964  
1.02521 51.0286 102.082 -102.108  
1.02524 51.1002 102.226 -102.251  
1.02528 51.1719 102.369 -102.394  
1.02531 51.2435 102.512 -102.538  
1.02535 51.3152 102.656 -102.681  
1.02538 51.3869 102.799 -102.825  
1.02542 51.4585 102.943 -102.968  
1.02545 51.5302 103.086 -103.111  
1.02549 51.6019 103.229 -103.255  
1.02552 51.6736 103.373 -103.398  
1.02556 51.7452 103.516 -103.542  
1.02559 51.8169 103.659 -103.685  
1.02563 51.8886 103.803 -103.828  
1.02566 51.9603 103.946 -103.972  
1.0257 52.032 104.09 -104.115  
1.02573 52.1037 104.233 -104.259  
1.02577 52.1754 104.377 -104.402  
1.0258 52.2471 104.52 -104.546  
1.02584 52.3188 104.663 -104.689  
1.02587 52.3905 104.807 -104.833  
1.02591 52.4622 104.95 -104.976  
1.02594 52.5339 105.094 -105.12  
1.02598 52.6056 105.237 -105.263  
1.02601 52.6773 105.381 -105.407  
1.02605 52.749 105.524 -105.55  
1.02608 52.8207 105.668 -105.694  
1.02612 52.8924 105.811 -105.837  
1.02615 52.9642 105.954 -105.981  
1.02619 53.0359 106.098 -106.124  
1.02622 53.1076 106.241 -106.268  
1.02626 53.1793 106.385 -106.411  
1.02629 53.2511 106.528 -106.555  
1.02633 53.3228 106.672 -106.698  
1.02636 53.3945 106.815 -106.842  
1.0264 53.4663 106.959 -106.985  
1.02643 53.538 107.102 -107.129  
1.02647 53.6098 107.246 -107.272  
1.0265 53.6815 107.39 -107.416  
1.02654 53.7533 107.533 -107.56  
1.02657 53.825 107.677 -107.703  
1.02661 53.8968 107.82 -107.847  
1.02664 53.9685 107.964 -107.99  
1.02668 54.0403 108.107 -108.134  
1.02671 54.112 108.251 -108.277  
1.02675 54.1838 108.394 -108.421  
1.02678 54.2556 108.538 -108.565  
1.02682 54.3273 108.681 -108.708  
1.02685 54.3991 108.825 -108.852  
1.02689 54.4709 108.969 -108.995  
1.02692 54.5426 109.112 -109.139  
1.02695 54.6144 109.256 -109.283  
1.02699 54.6862 109.399 -109.426  
1.02702 54.758 109.543 -109.57  
1.02706 54.8298 109.687 -109.714  
1.02709 54.9015 109.83 -109.857  
1.02713 54.9733 109.974 -110.001  
1.02716 55.0451 110.117 -110.145  
1.0272 55.1169 110.261 -110.288  
1.02723 55.1887 110.405 -110.432  
1.02727 55.2605 110.548 -110.576  
1.0273 55.3323 110.692 -110.719  
1.02734 55.4041 110.836 -110.863  
1.02737 55.4759 110.979 -111.007  
1.02741 55.5477 111.123 -111.15  
1.02744 55.6195 111.267 -111.294  
1.02748 55.6914 111.41 -111.438  
1.02751 55.7632 111.554 -111.581  
1.02755 55.835 111.698 -111.725  
1.02758 55.9068 111.841 -111.869  
1.02762 55.9786 111.985 -112.013  
1.02765 56.0505 112.129 -112.156  
1.02769 56.1223 112.272 -112.3  
1.02772 56.1941 112.416 -112.444  
1.02776 56.266 112.56 -112.587  
1.02779 56.3378 112.703 -112.731  
1.02783 56.4096 112.847 -112.875  
1.02786 56.4815 112.991 -113.019  
1.0279 56.5533 113.135 -113.162  
1.02793 56.6252 113.278 -113.306  
1.02797 56.697 113.422 -113.45  
1.028 56.7689 113.566 -113.594  
1.02804 56.8407 113.709 -113.737  
1.02807 56.9126 113.853 -113.881  
1.02811 56.9844 113.997 -114.025  
1.02814 57.0563 114.141 -114.169  
1.02818 57.1281 114.284 -114.313  
1.02821 57.2 114.428 -114.456  
1.02825 57.2719 114.572 -114.6  
1.02828 57.3437 114.716 -114.744  
1.02832 57.4156 114.86 -114.888  
1.02835 57.4875 115.003 -115.032  
1.02839 57.5594 115.147 -115.176  
1.02842 57.6312 115.291 -115.319  
1.02846 57.7031 115.435 -115.463  
1.02849 57.775 115.579 -115.607  
1.02853 57.8469 115.722 -115.751  
1.02856 57.9188 115.866 -115.895  
1.0286 57.9907 116.01 -116.039  
1.02863 58.0626 116.154 -116.182  
1.02867 58.1345 116.298 -116.326  
1.0287 58.2064 116.441 -116.47  
1.02874 58.2783 116.585 -116.614  
1.02877 58.3502 116.729 -116.758  
1.02881 58.4221 116.873 -116.902  
1.02884 58.494 117.017 -117.046  
1.02888 58.5659 117.161 -117.19  
1.02891 58.6378 117.305 -117.333  
1.02895 58.7097 117.448 -117.477  
1.02898 58.7817 117.592 -117.621  
1.02902 58.8536 117.736 -117.765  
1.02905 58.9255 117.88 -117.909  
1.02909 58.9974 118.024 -118.053  
1.02912 59.0694 118.168 -118.197  
1.02916 59.1413 118.312 -118.341  
1.02919 59.2132 118.456 -118.485  
1.02923 59.2852 118.6 -118.629  
1.02926 59.3571 118.743 -118.773  
1.0293 59.429 118.887 -118.917  
1.02933 59.501 119.031 -119.061  
1.02937 59.5729 119.175 -119.205  
1.0294 59.6449 119.319 -119.349  
1.02944 59.7168 119.463 -119.493  
1.02947 59.7888 119.607 -119.636  
1.02951 59.8607 119.751 -119.78  
1.02954 59.9327 119.895 -119.924  
1.02958 60.0046 120.039 -120.068  
1.02961 60.0766 120.183 -120.212  
1.02965 60.1486 120.327 -120.356  
1.02968 60.2205 120.471 -120.5  
1.02972 60.2925 120.615 -120.644  
1.02975 60.3645 120.759 -120.788  
1.02979 60.4365 120.903 -120.932  
1.02982 60.5084 121.047 -121.077  
1.02986 60.5804 121.191 -121.221  
1.02989 60.6524 121.335 -121.365  
1.02993 60.7244 121.479 -121.509  
1.02996 60.7964 121.623 -121.653  
1.03 60.8684 121.767 -121.797  
1.03003 60.9403 121.911 -121.941  
1.03007 61.0123 122.055 -122.085  
1.0301 61.0843 122.199 -122.229  
1.03014 61.1563 122.343 -122.373  
1.03017 61.2283 122.487 -122.517  
1.03021 61.3003 122.631 -122.661  
1.03024 61.3723 122.775 -122.805  
1.03028 61.4444 122.919 -122.949  
1.03031 61.5164 123.063 -123.093  
1.03035 61.5884 123.207 -123.237  
1.03038 61.6604 123.351 -123.382  
1.03042 61.7324 123.495 -123.526  
1.03045 61.8044 123.639 -123.67  
1.03049 61.8765 123.783 -123.814  
1.03052 61.9485 123.928 -123.958  
1.03056 62.0205 124.072 -124.102  
1.03059 62.0925 124.216 -124.246  
1.03063 62.1646 124.36 -124.39  
1.03066 62.2366 124.504 -124.535  
1.0307 62.3087 124.648 -124.679  
1.03073 62.3807 124.792 -124.823  
1.03077 62.4527 124.936 -124.967  
1.0308 62.5248 125.08 -125.111  
1.03084 62.5968 125.225 -125.255  
1.03087 62.6689 125.369 -125.4  
1.03091 62.7409 125.513 -125.544  
1.03094 62.813 125.657 -125.688  
1.03098 62.8851 125.801 -125.832  
1.03101 62.9571 125.945 -125.976  
1.03105 63.0292 126.089 -126.12  
1.03108 63.1012 126.234 -126.265  
1.03112 63.1733 126.378 -126.409  
1.03115 63.2454 126.522 -126.553  
1.03119 63.3175 126.666 -126.697  
1.03122 63.3895 126.81 -126.841  
1.03126 63.4616 126.954 -126.986  
1.03129 63.5337 127.099 -127.13  
1.03133 63.6058 127.243 -127.274  
1.03136 63.6778 127.387 -127.418  
1.03139 63.7499 127.531 -127.563  
1.03143 63.822 127.675 -127.707  
1.03146 63.8941 127.82 -127.851  
1.0315 63.9662 127.964 -127.995  
1.03153 64.0383 128.108 -128.14  
1.03157 64.1104 128.252 -128.284  
1.0316 64.1825 128.397 -128.428  
1.03164 64.2546 128.541 -128.573  
1.03167 64.3267 128.685 -128.717  
1.03171 64.3988 128.829 -128.861  
1.03174 64.4709 128.974 -129.005  
1.03178 64.5431 129.118 -129.15  
1.03181 64.6152 129.262 -129.294  
1.03185 64.6873 129.406 -129.438  
1.03188 64.7594 129.551 -129.583  
1.03192 64.8315 129.695 -129.727  
1.03195 64.9037 129.839 -129.871  
1.03199 64.9758 129.984 -130.016  
1.03202 65.0479 130.128 -130.16  
1.03206 65.1201 130.272 -130.304  
1.03209 65.1922 130.416 -130.449  
1.03213 65.2643 130.561 -130.593  
1.03216 65.3365 130.705 -130.737  
1.0322 65.4086 130.849 -130.882  
1.03223 65.4808 130.994 -131.026  
1.03227 65.5529 131.138 -131.17  
1.0323 65.6251 131.282 -131.315  
1.03234 65.6972 131.427 -131.459  
1.03237 65.7694 131.571 -131.603  
1.03241 65.8415 131.715 -131.748  
1.03244 65.9137 131.86 -131.892  
1.03248 65.9859 132.004 -132.037  
1.03251 66.058 132.149 -132.181  
1.03255 66.1302 132.293 -132.325  
1.03258 66.2024 132.437 -132.47  
1.03262 66.2745 132.582 -132.614  
1.03265 66.3467 132.726 -132.759  
1.03269 66.4189 132.87 -132.903  
1.03272 66.4911 133.015 -133.048  
1.03276 66.5632 133.159 -133.192  
1.03279 66.6354 133.304 -133.336  
1.03283 66.7076 133.448 -133.481  
1.03286 66.7798 133.592 -133.625  
1.0329 66.852 133.737 -133.77  
1.03293 66.9242 133.881 -133.914  
1.03297 66.9964 134.026 -134.059  
1.033 67.0686 134.17 -134.203  
1.03304 67.1408 134.315 -134.348  
1.03307 67.213 134.459 -134.492  
1.03311 67.2852 134.604 -134.637  
1.03314 67.3574 134.748 -134.781  
1.03318 67.4296 134.892 -134.926  
1.03321 67.5018 135.037 -135.07  
1.03325 67.5741 135.181 -135.215  
1.03328 67.6463 135.326 -135.359  
1.03332 67.7185 135.47 -135.504  
1.03335 67.7907 135.615 -135.648  
1.03339 67.8629 135.759 -135.793  
1.03342 67.9352 135.904 -135.937  
1.03346 68.0074 136.048 -136.082  
1.03349 68.0796 136.193 -136.226  
1.03353 68.1519 136.337 -136.371  
1.03356 68.2241 136.482 -136.515  
1.0336 68.2964 136.626 -136.66  
1.03363 68.3686 136.771 -136.804  
1.03367 68.4408 136.915 -136.949  
1.0337 68.5131 137.06 -137.094  
1.03374 68.5853 137.204 -137.238  
1.03377 68.6576 137.349 -137.383  
1.03381 68.7299 137.494 -137.527  
1.03384 68.8021 137.638 -137.672  
1.03388 68.8744 137.783 -137.817  
1.03391 68.9466 137.927 -137.961  
1.03395 69.0189 138.072 -138.106  
1.03398 69.0912 138.216 -138.25  
1.03402 69.1634 138.361 -138.395  
1.03405 69.2357 138.505 -138.54  
1.03409 69.308 138.65 -138.684  
1.03412 69.3803 138.795 -138.829  
1.03416 69.4526 138.939 -138.973  
1.03419 69.5248 139.084 -139.118  
1.03423 69.5971 139.228 -139.263  
1.03426 69.6694 139.373 -139.407  
1.0343 69.7417 139.518 -139.552  
1.03433 69.814 139.662 -139.697  
1.03437 69.8863 139.807 -139.841  
1.0344 69.9586 139.952 -139.986  
1.03444 70.0309 140.096 -140.131  
1.03447 70.1032 140.241 -140.275  
1.03451 70.1755 140.385 -140.42  
1.03454 70.2478 140.53 -140.565  
1.03458 70.3201 140.675 -140.709  
1.03461 70.3924 140.819 -140.854  
1.03465 70.4647 140.964 -140.999  
1.03468 70.537 141.109 -141.143  
1.03472 70.6094 141.253 -141.288  
1.03475 70.6817 141.398 -141.433  
1.03479 70.754 141.543 -141.578  
1.03482 70.8263 141.688 -141.722  
1.03486 70.8987 141.832 -141.867  
1.03489 70.971 141.977 -142.012  
1.03493 71.0433 142.122 -142.157  
1.03496 71.1157 142.266 -142.301  
1.035 71.188 142.411 -142.446  
1.03503 71.2604 142.556 -142.591  
1.03507 71.3327 142.7 -142.736  
1.0351 71.405 142.845 -142.88  
1.03514 71.4774 142.99 -143.025  
1.03517 71.5497 143.135 -143.17  
1.03521 71.6221 143.279 -143.315  
1.03524 71.6945 143.424 -143.459  
1.03528 71.7668 143.569 -143.604  
1.03531 71.8392 143.714 -143.749  
1.03535 71.9115 143.858 -143.894  
1.03538 71.9839 144.003 -144.039  
1.03542 72.0563 144.148 -144.183  
1.03545 72.1286 144.293 -144.328  
1.03549 72.201 144.438 -144.473  
1.03552 72.2734 144.582 -144.618  
1.03556 72.3458 144.727 -144.763  
1.03559 72.4181 144.872 -144.907  
1.03563 72.4905 145.017 -145.052  
1.03566 72.5629 145.161 -145.197  
1.0357 72.6353 145.306 -145.342  
1.03573 72.7077 145.451 -145.487  
1.03577 72.7801 145.596 -145.632  
1.0358 72.8525 145.741 -145.777  
1.03583 72.9249 145.886 -145.921  
1.03587 72.9973 146.03 -146.066  
1.0359 73.0697 146.175 -146.211  
1.03594 73.1421 146.32 -146.356  
1.03597 73.2145 146.465 -146.501  
1.03601 73.2869 146.61 -146.646  
1.03604 73.3593 146.755 -146.791  
1.03608 73.4317 146.9 -146.936  
1.03611 73.5041 147.044 -147.081  
1.03615 73.5766 147.189 -147.225  
1.03618 73.649 147.334 -147.37  
1.03622 73.7214 147.479 -147.515  
1.03625 73.7938 147.624 -147.66  
1.03629 73.8663 147.769 -147.805  
1.03632 73.9387 147.914 -147.95  
1.03636 74.0111 148.059 -148.095  
1.03639 74.0836 148.204 -148.24  
1.03643 74.156 148.348 -148.385  
1.03646 74.2285 148.493 -148.53  
1.0365 74.3009 148.638 -148.675  
1.03653 74.3733 148.783 -148.82  
1.03657 74.4458 148.928 -148.965  
1.0366 74.5182 149.073 -149.11  
1.03664 74.5907 149.218 -149.255  
1.03667 74.6632 149.363 -149.4  
1.03671 74.7356 149.508 -149.545  
1.03674 74.8081 149.653 -149.69  
1.03678 74.8805 149.798 -149.835  
1.03681 74.953 149.943 -149.98  
1.03685 75.0255 150.088 -150.125  
1.03688 75.0979 150.233 -150.27  
1.03692 75.1704 150.378 -150.415  
1.03695 75.2429 150.523 -150.56  
1.03699 75.3154 150.668 -150.705  
1.03702 75.3879 150.813 -150.85  
1.03706 75.4603 150.958 -150.995  
1.03709 75.5328 151.103 -151.14  
1.03713 75.6053 151.248 -151.285  
1.03716 75.6778 151.393 -151.43  
1.0372 75.7503 151.538 -151.575  
1.03723 75.8228 151.683 -151.72  
1.03727 75.8953 151.828 -151.865  
1.0373 75.9678 151.973 -152.01  
1.03734 76.0403 152.118 -152.155  
1.03737 76.1128 152.263 -152.3  
1.03741 76.1853 152.408 -152.445  
1.03744 76.2578 152.553 -152.591  
1.03748 76.3303 152.698 -152.736  
1.03751 76.4028 152.843 -152.881  
1.03755 76.4754 152.988 -153.026  
1.03758 76.5479 153.133 -153.171  
1.03762 76.6204 153.278 -153.316  
1.03765 76.6929 153.424 -153.461  
1.03769 76.7655 153.569 -153.606  
1.03772 76.838 153.714 -153.751  
1.03776 76.9105 153.859 -153.897  
1.03779 76.983 154.004 -154.042  
1.03783 77.0556 154.149 -154.187  
1.03786 77.1281 154.294 -154.332  
1.0379 77.2007 154.439 -154.477  
1.03793 77.2732 154.584 -154.622  
1.03797 77.3458 154.729 -154.767  
1.038 77.4183 154.875 -154.913  
1.03804 77.4909 155.02 -155.058  
1.03807 77.5634 155.165 -155.203  
1.03811 77.636 155.31 -155.348  
1.03814 77.7085 155.455 -155.493  
1.03818 77.7811 155.6 -155.639  
1.03821 77.8537 155.746 -155.784  
1.03825 77.9262 155.891 -155.929  
1.03828 77.9988 156.036 -156.074  
1.03832 78.0714 156.181 -156.219  
1.03835 78.1439 156.326 -156.365  
1.03839 78.2165 156.471 -156.51  
1.03842 78.2891 156.617 -156.655  
1.03846 78.3617 156.762 -156.8  
1.03849 78.4343 156.907 -156.945  
1.03853 78.5068 157.052 -157.091  
1.03856 78.5794 157.197 -157.236  
1.0386 78.652 157.343 -157.381  
1.03863 78.7246 157.488 -157.526  
1.03867 78.7972 157.633 -157.672  
1.0387 78.8698 157.778 -157.817  
1.03874 78.9424 157.924 -157.962  
1.03877 79.015 158.069 -158.108  
1.03881 79.0876 158.214 -158.253  
1.03884 79.1602 158.359 -158.398  
1.03888 79.2328 158.505 -158.543  
1.03891 79.3054 158.65 -158.689  
1.03895 79.3781 158.795 -158.834  
1.03898 79.4507 158.94 -158.979  
1.03902 79.5233 159.086 -159.125  
1.03905 79.5959 159.231 -159.27  
1.03909 79.6685 159.376 -159.415  
1.03912 79.7412 159.521 -159.561  
1.03916 79.8138 159.667 -159.706  
1.03919 79.8864 159.812 -159.851  
1.03923 79.9591 159.957 -159.997  
1.03926 80.0317 160.103 -160.142  
1.0393 80.1043 160.248 -160.287  
1.03933 80.177 160.393 -160.433  
1.03937 80.2496 160.539 -160.578  
1.0394 80.3223 160.684 -160.723  
1.03944 80.3949 160.829 -160.869  
1.03947 80.4676 160.975 -161.014  
1.03951 80.5402 161.12 -161.159  
1.03954 80.6129 161.265 -161.305  
1.03958 80.6855 161.411 -161.45  
1.03961 80.7582 161.556 -161.596  
1.03965 80.8309 161.701 -161.741  
1.03968 80.9035 161.847 -161.886  
1.03972 80.9762 161.992 -162.032  
1.03975 81.0489 162.138 -162.177  
1.03979 81.1216 162.283 -162.323  
1.03982 81.1942 162.428 -162.468  
1.03986 81.2669 162.574 -162.614  
1.03989 81.3396 162.719 -162.759  
1.03993 81.4123 162.864 -162.904  
1.03996 81.485 163.01 -163.05  
1.04 81.5577 163.155 -163.195  
1.04003 81.6303 163.301 -163.341  
1.04007 81.703 163.446 -163.486  
1.0401 81.7757 163.592 -163.632  
1.04014 81.8484 163.737 -163.777  
1.04017 81.9211 163.882 -163.923  
1.04021 81.9938 164.028 -164.068  
1.04024 82.0665 164.173 -164.214  
1.04028 82.1392 164.319 -164.359  
1.04031 82.212 164.464 -164.505  
1.04034 82.2847 164.61 -164.65  
1.04038 82.3574 164.755 -164.796  
1.04041 82.4301 164.901 -164.941  
1.04045 82.5028 165.046 -165.087  
1.04048 82.5755 165.192 -165.232  
1.04052 82.6483 165.337 -165.378  
1.04055 82.721 165.483 -165.523  
1.04059 82.7937 165.628 -165.669  
1.04062 82.8665 165.774 -165.814  
1.04066 82.9392 165.919 -165.96  
1.04069 83.0119 166.065 -166.105  
1.04073 83.0847 166.21 -166.251  
1.04076 83.1574 166.356 -166.396  
1.0408 83.2302 166.501 -166.542  
1.04083 83.3029 166.647 -166.687  
1.04087 83.3757 166.792 -166.833  
1.0409 83.4484 166.938 -166.979  
1.04094 83.5212 167.083 -167.124  
1.04097 83.5939 167.229 -167.27  
1.04101 83.6667 167.374 -167.415  
1.04104 83.7394 167.52 -167.561  
1.04108 83.8122 167.665 -167.707  
1.04111 83.885 167.811 -167.852  
1.04115 83.9577 167.957 -167.998  
1.04118 84.0305 168.102 -168.143  
1.04122 84.1033 168.248 -168.289  
1.04125 84.1761 168.393 -168.435  
1.04129 84.2488 168.539 -168.58  
1.04132 84.3216 168.685 -168.726  
1.04136 84.3944 168.83 -168.872  
1.04139 84.4672 168.976 -169.017  
1.04143 84.54 169.121 -169.163  
1.04146 84.6128 169.267 -169.308  
1.0415 84.6856 169.413 -169.454  
1.04153 84.7584 169.558 -169.6  
1.04157 84.8312 169.704 -169.745  
1.0416 84.904 169.85 -169.891  
1.04164 84.9768 169.995 -170.037  
1.04167 85.0496 170.141 -170.182  
1.04171 85.1224 170.286 -170.328  
1.04174 85.1952 170.432 -170.474  
1.04178 85.268 170.578 -170.62  
1.04181 85.3408 170.723 -170.765  
1.04185 85.4136 170.869 -170.911  
1.04188 85.4865 171.015 -171.057  
1.04192 85.5593 171.16 -171.202  
1.04195 85.6321 171.306 -171.348  
1.04199 85.7049 171.452 -171.494  
1.04202 85.7778 171.598 -171.64  
1.04206 85.8506 171.743 -171.785  
1.04209 85.9234 171.889 -171.931  
1.04213 85.9963 172.035 -172.077  
1.04216 86.0691 172.18 -172.223  
1.0422 86.142 172.326 -172.368  
1.04223 86.2148 172.472 -172.514  
1.04227 86.2876 172.618 -172.66  
1.0423 86.3605 172.763 -172.806  
1.04234 86.4333 172.909 -172.951  
1.04237 86.5062 173.055 -173.097  
1.04241 86.5791 173.201 -173.243  
1.04244 86.6519 173.346 -173.389  
1.04248 86.7248 173.492 -173.535  
1.04251 86.7976 173.638 -173.68  
1.04255 86.8705 173.784 -173.826  
1.04258 86.9434 173.929 -173.972  
1.04262 87.0163 174.075 -174.118  
1.04265 87.0891 174.221 -174.264  
1.04269 87.162 174.367 -174.409  
1.04272 87.2349 174.512 -174.555  
1.04276 87.3078 174.658 -174.701  
1.04279 87.3806 174.804 -174.847  
1.04283 87.4535 174.95 -174.993  
1.04286 87.5264 175.096 -175.139  
1.0429 87.5993 175.242 -175.284  
1.04293 87.6722 175.387 -175.43  
1.04297 87.7451 175.533 -175.576  
1.043 87.818 175.679 -175.722  
1.04304 87.8909 175.825 -175.868  
1.04307 87.9638 175.971 -176.014  
1.04311 88.0367 176.117 -176.16  
1.04314 88.1096 176.262 -176.306  
1.04318 88.1825 176.408 -176.451  
1.04321 88.2554 176.554 -176.597  
1.04325 88.3284 176.7 -176.743  
1.04328 88.4013 176.846 -176.889  
1.04332 88.4742 176.992 -177.035  
1.04335 88.5471 177.138 -177.181  
1.04339 88.6201 177.283 -177.327  
1.04342 88.693 177.429 -177.473  
1.04346 88.7659 177.575 -177.619  
1.04349 88.8388 177.721 -177.765  
1.04353 88.9118 177.867 -177.911  
1.04356 88.9847 178.013 -178.057  
1.0436 89.0577 178.159 -178.203  
1.04363 89.1306 178.305 -178.348  
1.04367 89.2035 178.451 -178.494  
1.0437 89.2765 178.597 -178.64  
1.04374 89.3494 178.743 -178.786  
1.04377 89.4224 178.889 -178.932  
1.04381 89.4953 179.035 -179.078  
1.04384 89.5683 179.18 -179.224  
1.04388 89.6413 179.326 -179.37  
1.04391 89.7142 179.472 -179.516  
1.04395 89.7872 179.618 -179.662  
1.04398 89.8602 179.764 -179.808  
1.04402 89.9331 179.91 -179.954  
1.04405 90.0061 180.056 -180.1  
1.04409 90.0791 180.202 -180.246  
1.04412 90.1521 180.348 -180.392  
1.04416 90.225 180.494 -180.538  
1.04419 90.298 180.64 -180.684  
1.04423 90.371 180.786 -180.83  
1.04426 90.444 180.932 -180.976  
1.0443 90.517 181.078 -181.123  
1.04433 90.59 181.224 -181.269  
1.04437 90.663 181.37 -181.415  
1.0444 90.736 181.516 -181.561  
1.04444 90.809 181.662 -181.707  
1.04447 90.882 181.808 -181.853  
1.04451 90.955 181.954 -181.999  
1.04454 91.028 182.1 -182.145  
1.04458 91.101 182.247 -182.291  
1.04461 91.174 182.393 -182.437  
1.04465 91.247 182.539 -182.583  
1.04468 91.32 182.685 -182.729  
1.04472 91.393 182.831 -182.875  
1.04475 91.4661 182.977 -183.022  
1.04478 91.5391 183.123 -183.168  
1.04482 91.6121 183.269 -183.314  
1.04485 91.6851 183.415 -183.46  
1.04489 91.7582 183.561 -183.606  
1.04492 91.8312 183.707 -183.752  
1.04496 91.9042 183.853 -183.898  
1.04499 91.9773 184 -184.045  
1.04503 92.0503 184.146 -184.191  
1.04506 92.1234 184.292 -184.337  
1.0451 92.1964 184.438 -184.483  
1.04513 92.2694 184.584 -184.629  
1.04517 92.3425 184.73 -184.775  
1.0452 92.4155 184.876 -184.922  
1.04524 92.4886 185.022 -185.068  
1.04527 92.5617 185.169 -185.214  
1.04531 92.6347 185.315 -185.36  
1.04534 92.7078 185.461 -185.506  
1.04538 92.7808 185.607 -185.652  
1.04541 92.8539 185.753 -185.799  
1.04545 92.927 185.899 -185.945  
1.04548 93.0001 186.046 -186.091  
1.04552 93.0731 186.192 -186.237  
1.04555 93.1462 186.338 -186.384  
1.04559 93.2193 186.484 -186.53  
1.04562 93.2924 186.63 -186.676  
1.04566 93.3655 186.777 -186.822  
1.04569 93.4385 186.923 -186.968  
1.04573 93.5116 187.069 -187.115  
1.04576 93.5847 187.215 -187.261  
1.0458 93.6578 187.361 -187.407  
1.04583 93.7309 187.508 -187.553  
1.04587 93.804 187.654 -187.7  
1.0459 93.8771 187.8 -187.846  
1.04594 93.9502 187.946 -187.992  
1.04597 94.0233 188.093 -188.139  
1.04601 94.0964 188.239 -188.285  
1.04604 94.1695 188.385 -188.431  
1.04608 94.2427 188.531 -188.577  
1.04611 94.3158 188.678 -188.724  
1.04615 94.3889 188.824 -188.87  
1.04618 94.462 188.97 -189.016  
1.04622 94.5351 189.116 -189.163  
1.04625 94.6083 189.263 -189.309  
1.04629 94.6814 189.409 -189.455  
1.04632 94.7545 189.555 -189.602  
1.04636 94.8277 189.702 -189.748  
1.04639 94.9008 189.848 -189.894  
1.04643 94.9739 189.994 -190.041  
1.04646 95.0471 190.141 -190.187  
1.0465 95.1202 190.287 -190.333  
1.04653 95.1934 190.433 -190.48  
1.04657 95.2665 190.58 -190.626  
1.0466 95.3397 190.726 -190.773  
1.04664 95.4128 190.872 -190.919  
1.04667 95.486 191.019 -191.065  
1.04671 95.5591 191.165 -191.212  
1.04674 95.6323 191.311 -191.358  
1.04678 95.7054 191.458 -191.504  
1.04681 95.7786 191.604 -191.651  
1.04685 95.8518 191.75 -191.797  
1.04688 95.925 191.897 -191.944  
1.04692 95.9981 192.043 -192.09  
1.04695 96.0713 192.19 -192.237  
1.04699 96.1445 192.336 -192.383  
1.04702 96.2177 192.482 -192.529  
1.04706 96.2908 192.629 -192.676  
1.04709 96.364 192.775 -192.822  
1.04713 96.4372 192.922 -192.969  
1.04716 96.5104 193.068 -193.115  
1.0472 96.5836 193.214 -193.262  
1.04723 96.6568 193.361 -193.408  
1.04727 96.73 193.507 -193.554  
1.0473 96.8032 193.654 -193.701  
1.04734 96.8764 193.8 -193.847  
1.04737 96.9496 193.947 -193.994  
1.04741 97.0228 194.093 -194.14  
1.04744 97.096 194.239 -194.287  
1.04748 97.1692 194.386 -194.433  
1.04751 97.2424 194.532 -194.58  
1.04755 97.3156 194.679 -194.726  
1.04758 97.3889 194.825 -194.873  
1.04762 97.4621 194.972 -195.019  
1.04765 97.5353 195.118 -195.166  
1.04769 97.6085 195.265 -195.312  
1.04772 97.6818 195.411 -195.459  
1.04776 97.755 195.558 -195.606  
1.04779 97.8282 195.704 -195.752  
1.04783 97.9015 195.851 -195.899  
1.04786 97.9747 195.997 -196.045  
1.0479 98.0479 196.144 -196.192  
1.04793 98.1212 196.29 -196.338  
1.04797 98.1944 196.437 -196.485  
1.048 98.2677 196.583 -196.631  
1.04804 98.3409 196.73 -196.778  
1.04807 98.4142 196.876 -196.925  
1.04811 98.4874 197.023 -197.071  
1.04814 98.5607 197.17 -197.218  
1.04818 98.634 197.316 -197.364  
1.04821 98.7072 197.463 -197.511  
1.04825 98.7805 197.609 -197.657  
1.04828 98.8538 197.756 -197.804  
1.04832 98.927 197.902 -197.951  
1.04835 99.0003 198.049 -198.097  
1.04839 99.0736 198.196 -198.244  
1.04842 99.1468 198.342 -198.391  
1.04846 99.2201 198.489 -198.537  
1.04849 99.2934 198.635 -198.684  
1.04853 99.3667 198.782 -198.83  
1.04856 99.44 198.929 -198.977  
1.0486 99.5133 199.075 -199.124  
1.04863 99.5866 199.222 -199.27  
1.04867 99.6599 199.368 -199.417  
1.0487 99.7332 199.515 -199.564  
1.04874 99.8065 199.662 -199.71  
1.04877 99.8798 199.808 -199.857  
1.04881 99.9531 199.955 -200.004  
1.04884 100.026 200.102 -200.15  
1.04888 100.1 200.248 -200.297  
1.04891 100.173 200.395 -200.444  
1.04895 100.246 200.542 -200.591  
1.04898 100.32 200.688 -200.737  
1.04902 100.393 200.835 -200.884  
1.04905 100.466 200.982 -201.031  
1.04909 100.54 201.128 -201.177  
1.04912 100.613 201.275 -201.324  
1.04916 100.686 201.422 -201.471  
1.04919 100.76 201.568 -201.618  
1.04922 100.833 201.715 -201.764  
1.04926 100.906 201.862 -201.911  
1.04929 100.98 202.008 -202.058  
1.04933 101.053 202.155 -202.205  
1.04936 101.126 202.302 -202.351  
1.0494 101.2 202.449 -202.498  
1.04943 101.273 202.595 -202.645  
1.04947 101.346 202.742 -202.792  
1.0495 101.42 202.889 -202.938  
1.04954 101.493 203.036 -203.085  
1.04957 101.566 203.182 -203.232  
1.04961 101.64 203.329 -203.379  
1.04964 101.713 203.476 -203.525  
1.04968 101.786 203.623 -203.672  
1.04971 101.86 203.769 -203.819  
1.04975 101.933 203.916 -203.966  
1.04978 102.007 204.063 -204.113  
1.04982 102.08 204.21 -204.26  
1.04985 102.153 204.357 -204.406  
1.04989 102.227 204.503 -204.553  
1.04992 102.3 204.65 -204.7  
1.04996 102.373 204.797 -204.847  
1.04999 102.447 204.944 -204.994  
1.05003 102.52 205.091 -205.141  
1.05006 102.594 205.237 -205.287  
1.0501 102.667 205.384 -205.434  
1.05013 102.74 205.531 -205.581  
1.05017 102.814 205.678 -205.728  
1.0502 102.887 205.825 -205.875  
1.05024 102.961 205.972 -206.022  
1.05027 103.034 206.118 -206.169  
1.05031 103.107 206.265 -206.316  
1.05034 103.181 206.412 -206.462  
1.05038 103.254 206.559 -206.609  
1.05041 103.328 206.706 -206.756  
1.05045 103.401 206.853 -206.903  
1.05048 103.475 207 -207.05  
1.05052 103.548 207.146 -207.197  
1.05055 103.621 207.293 -207.344  
1.05059 103.695 207.44 -207.491  
1.05062 103.768 207.587 -207.638  
1.05066 103.842 207.734 -207.785  
1.05069 103.915 207.881 -207.932  
1.05073 103.989 208.028 -208.079  
1.05076 104.062 208.175 -208.226  
1.0508 104.135 208.322 -208.373  
1.05083 104.209 208.469 -208.519  
1.05087 104.282 208.616 -208.666  
1.0509 104.356 208.763 -208.813  
1.05094 104.429 208.909 -208.96  
1.05097 104.503 209.056 -209.107  
1.05101 104.576 209.203 -209.254  
1.05104 104.65 209.35 -209.401  
1.05108 104.723 209.497 -209.548  
1.05111 104.797 209.644 -209.695  
1.05115 104.87 209.791 -209.842  
1.05118 104.943 209.938 -209.989  
1.05122 105.017 210.085 -210.136  
1.05125 105.09 210.232 -210.283  
1.05129 105.164 210.379 -210.43  
1.05132 105.237 210.526 -210.577  
1.05136 105.311 210.673 -210.724  
1.05139 105.384 210.82 -210.872  
1.05143 105.458 210.967 -211.019  
1.05146 105.531 211.114 -211.166  
1.0515 105.605 211.261 -211.313  
1.05153 105.678 211.408 -211.46  
1.05157 105.752 211.555 -211.607  
1.0516 105.825 211.702 -211.754  
1.05164 105.899 211.849 -211.901  
1.05167 105.972 211.996 -212.048  
1.05171 106.046 212.143 -212.195  
1.05174 106.119 212.29 -212.342  
1.05178 106.193 212.438 -212.489  
1.05181 106.266 212.585 -212.636  
1.05185 106.34 212.732 -212.784  
1.05188 106.413 212.879 -212.931  
1.05192 106.487 213.026 -213.078  
1.05195 106.56 213.173 -213.225  
1.05199 106.634 213.32 -213.372  
1.05202 106.708 213.467 -213.519  
1.05206 106.781 213.614 -213.666  
1.05209 106.855 213.761 -213.813  
1.05213 106.928 213.908 -213.961  
1.05216 107.002 214.055 -214.108  
1.0522 107.075 214.203 -214.255  
1.05223 107.149 214.35 -214.402  
1.05227 107.222 214.497 -214.549  
1.0523 107.296 214.644 -214.696  
1.05234 107.369 214.791 -214.843  
1.05237 107.443 214.938 -214.991  
1.05241 107.517 215.085 -215.138  
1.05244 107.59 215.233 -215.285  
1.05248 107.664 215.38 -215.432  
1.05251 107.737 215.527 -215.579  
1.05255 107.811 215.674 -215.727  
1.05258 107.884 215.821 -215.874  
1.05262 107.958 215.968 -216.021  
1.05265 108.031 216.116 -216.168  
1.05269 108.105 216.263 -216.315  
1.05272 108.179 216.41 -216.463  
1.05276 108.252 216.557 -216.61  
1.05279 108.326 216.704 -216.757  
1.05283 108.399 216.852 -216.904  
1.05286 108.473 216.999 -217.052  
1.0529 108.547 217.146 -217.199  
1.05293 108.62 217.293 -217.346  
1.05297 108.694 217.44 -217.493  
1.053 108.767 217.588 -217.641  
1.05304 108.841 217.735 -217.788  
1.05307 108.915 217.882 -217.935  
1.05311 108.988 218.029 -218.083  
1.05314 109.062 218.177 -218.23  
1.05318 109.135 218.324 -218.377  
1.05321 109.209 218.471 -218.524  
1.05325 109.283 218.618 -218.672  
1.05328 109.356 218.766 -218.819  
1.05332 109.43 218.913 -218.966  
1.05335 109.503 219.06 -219.114  
1.05339 109.577 219.208 -219.261  
1.05342 109.651 219.355 -219.408  
1.05346 109.724 219.502 -219.556  
1.05349 109.798 219.649 -219.703  
1.05353 109.872 219.797 -219.85  
1.05356 109.945 219.944 -219.998  
1.0536 110.019 220.091 -220.145  
1.05363 110.093 220.239 -220.292  
1.05367 110.166 220.386 -220.44  
1.0537 110.24 220.533 -220.587  
1.05373 110.313 220.681 -220.734  
1.05377 110.387 220.828 -220.882  
1.0538 110.461 220.975 -221.029  
1.05384 110.534 221.123 -221.177  
1.05387 110.608 221.27 -221.324  
1.05391 110.682 221.417 -221.471  
1.05394 110.755 221.565 -221.619  
1.05398 110.829 221.712 -221.766  
1.05401 110.903 221.859 -221.913  
1.05405 110.976 222.007 -222.061  
1.05408 111.05 222.154 -222.208  
1.05412 111.124 222.302 -222.356  
1.05415 111.197 222.449 -222.503  
1.05419 111.271 222.596 -222.651  
1.05422 111.345 222.744 -222.798  
1.05426 111.418 222.891 -222.945  
1.05429 111.492 223.039 -223.093  
1.05433 111.566 223.186 -223.24  
1.05436 111.64 223.333 -223.388  
1.0544 111.713 223.481 -223.535  
1.05443 111.787 223.628 -223.683  
1.05447 111.861 223.776 -223.83  
1.0545 111.934 223.923 -223.978  
1.05454 112.008 224.071 -224.125  
1.05457 112.082 224.218 -224.273  
1.05461 112.155 224.366 -224.42  
1.05464 112.229 224.513 -224.568  
1.05468 112.303 224.66 -224.715  
1.05471 112.377 224.808 -224.863  
1.05475 112.45 224.955 -225.01  
1.05478 112.524 225.103 -225.158  
1.05482 112.598 225.25 -225.305  
1.05485 112.672 225.398 -225.453  
1.05489 112.745 225.545 -225.6  
1.05492 112.819 225.693 -225.748  
1.05496 112.893 225.84 -225.895  
1.05499 112.966 225.988 -226.043  
1.05503 113.04 226.135 -226.19  
1.05506 113.114 226.283 -226.338  
1.0551 113.188 226.43 -226.486  
1.05513 113.261 226.578 -226.633  
1.05517 113.335 226.726 -226.781  
1.0552 113.409 226.873 -226.928  
1.05524 113.483 227.021 -227.076  
1.05527 113.556 227.168 -227.223  
1.05531 113.63 227.316 -227.371  
1.05534 113.704 227.463 -227.519  
1.05538 113.778 227.611 -227.666  
1.05541 113.851 227.758 -227.814  
1.05545 113.925 227.906 -227.961  
1.05548 113.999 228.054 -228.109  
1.05552 114.073 228.201 -228.257  
1.05555 114.147 228.349 -228.404  
1.05559 114.22 228.496 -228.552  
1.05562 114.294 228.644 -228.7  
1.05566 114.368 228.791 -228.847  
1.05569 114.442 228.939 -228.995  
1.05573 114.515 229.087 -229.142  
1.05576 114.589 229.234 -229.29  
1.0558 114.663 229.382 -229.438  
1.05583 114.737 229.53 -229.585  
1.05587 114.811 229.677 -229.733  
1.0559 114.884 229.825 -229.881  
1.05594 114.958 229.972 -230.028  
1.05597 115.032 230.12 -230.176  
1.05601 115.106 230.268 -230.324  
1.05604 115.18 230.415 -230.471  
1.05608 115.254 230.563 -230.619  
1.05611 115.327 230.711 -230.767  
1.05615 115.401 230.858 -230.915  
1.05618 115.475 231.006 -231.062  
1.05622 115.549 231.154 -231.21  
1.05625 115.623 231.301 -231.358  
1.05629 115.696 231.449 -231.505  
1.05632 115.77 231.597 -231.653  
1.05636 115.844 231.745 -231.801  
1.05639 115.918 231.892 -231.949  
1.05643 115.992 232.04 -232.096  
1.05646 116.066 232.188 -232.244  
1.0565 116.139 232.335 -232.392  
1.05653 116.213 232.483 -232.54  
1.05657 116.287 232.631 -232.687  
1.0566 116.361 232.779 -232.835  
1.05664 116.435 232.926 -232.983  
1.05667 116.509 233.074 -233.131  
1.05671 116.583 233.222 -233.279  
1.05674 116.656 233.37 -233.426  
1.05678 116.73 233.517 -233.574  
1.05681 116.804 233.665 -233.722  
1.05685 116.878 233.813 -233.87  
1.05688 116.952 233.961 -234.018  
1.05692 117.026 234.108 -234.165  
1.05695 117.1 234.256 -234.313  
1.05699 117.173 234.404 -234.461  
1.05702 117.247 234.552 -234.609  
1.05706 117.321 234.7 -234.757  
1.05709 117.395 234.847 -234.904  
1.05713 117.469 234.995 -235.052  
1.05716 117.543 235.143 -235.2  
1.0572 117.617 235.291 -235.348  
1.05723 117.691 235.439 -235.496  
1.05727 117.765 235.586 -235.644  
1.0573 117.838 235.734 -235.792  
1.05734 117.912 235.882 -235.939  
1.05737 117.986 236.03 -236.087  
1.05741 118.06 236.178 -236.235  
1.05744 118.134 236.326 -236.383  
1.05748 118.208 236.474 -236.531  
1.05751 118.282 236.621 -236.679  
1.05755 118.356 236.769 -236.827  
1.05758 118.43 236.917 -236.975  
1.05762 118.504 237.065 -237.123  
1.05765 118.578 237.213 -237.271  
1.05769 118.652 237.361 -237.418  
1.05772 118.725 237.509 -237.566  
1.05776 118.799 237.657 -237.714  
1.05779 118.873 237.804 -237.862  
1.05783 118.947 237.952 -238.01  
1.05786 119.021 238.1 -238.158  
1.0579 119.095 238.248 -238.306  
1.05793 119.169 238.396 -238.454  
1.05797 119.243 238.544 -238.602  
1.058 119.317 238.692 -238.75  
1.05804 119.391 238.84 -238.898  
1.05807 119.465 238.988 -239.046  
1.05811 119.539 239.136 -239.194  
1.05814 119.613 239.284 -239.342  
1.05817 119.687 239.432 -239.49  
1.05821 119.761 239.58 -239.638  
1.05824 119.835 239.728 -239.786  
1.05828 119.909 239.876 -239.934  
1.05831 119.983 240.024 -240.082  
1.05835 120.057 240.172 -240.23  
1.05838 120.131 240.319 -240.378  
1.05842 120.205 240.467 -240.526  
1.05845 120.279 240.615 -240.674  
1.05849 120.352 240.763 -240.822  
1.05852 120.426 240.911 -240.97  
1.05856 120.5 241.059 -241.118  
1.05859 120.574 241.207 -241.266  
1.05863 120.648 241.356 -241.414  
1.05866 120.722 241.504 -241.562  
1.0587 120.796 241.652 -241.71  
1.05873 120.87 241.8 -241.858  
1.05877 120.944 241.948 -242.006  
1.0588 121.018 242.096 -242.154  
1.05884 121.092 242.244 -242.303  
1.05887 121.166 242.392 -242.451  
1.05891 121.24 242.54 -242.599  
1.05894 121.314 242.688 -242.747  
1.05898 121.388 242.836 -242.895  
1.05901 121.463 242.984 -243.043  
1.05905 121.537 243.132 -243.191  
1.05908 121.611 243.28 -243.339  
1.05912 121.685 243.428 -243.487  
1.05915 121.759 243.576 -243.636  
1.05919 121.833 243.724 -243.784  
1.05922 121.907 243.873 -243.932  
1.05926 121.981 244.021 -244.08  
1.05929 122.055 244.169 -244.228  
1.05933 122.129 244.317 -244.376  
1.05936 122.203 244.465 -244.524  
1.0594 122.277 244.613 -244.673  
1.05943 122.351 244.761 -244.821  
1.05947 122.425 244.909 -244.969  
1.0595 122.499 245.058 -245.117  
1.05954 122.573 245.206 -245.265  
1.05957 122.647 245.354 -245.413  
1.05961 122.721 245.502 -245.562  
1.05964 122.795 245.65 -245.71  
1.05968 122.869 245.798 -245.858  
1.05971 122.943 245.946 -246.006  
1.05975 123.017 246.095 -246.154  
1.05978 123.092 246.243 -246.303  
1.05982 123.166 246.391 -246.451  
1.05985 123.24 246.539 -246.599  
1.05989 123.314 246.687 -246.747  
1.05992 123.388 246.836 -246.896  
1.05996 123.462 246.984 -247.044  
1.05999 123.536 247.132 -247.192  
1.06003 123.61 247.28 -247.34  
1.06006 123.684 247.428 -247.488  
1.0601 123.758 247.577 -247.637  
1.06013 123.832 247.725 -247.785  
1.06017 123.906 247.873 -247.933  
1.0602 123.981 248.021 -248.082  
1.06024 124.055 248.17 -248.23  
1.06027 124.129 248.318 -248.378  
1.06031 124.203 248.466 -248.526  
1.06034 124.277 248.614 -248.675  
1.06038 124.351 248.763 -248.823  
1.06041 124.425 248.911 -248.971  
1.06045 124.499 249.059 -249.12  
1.06048 124.573 249.207 -249.268  
1.06052 124.648 249.356 -249.416  
1.06055 124.722 249.504 -249.565  
1.06059 124.796 249.652 -249.713  
1.06062 124.87 249.801 -249.861  
1.06066 124.944 249.949 -250.01  
1.06069 125.018 250.097 -250.158  
1.06073 125.092 250.246 -250.306  
1.06076 125.167 250.394 -250.455  
1.0608 125.241 250.542 -250.603  
1.06083 125.315 250.69 -250.751  
1.06087 125.389 250.839 -250.9  
1.0609 125.463 250.987 -251.048  
1.06094 125.537 251.135 -251.196  
1.06097 125.611 251.284 -251.345  
1.06101 125.686 251.432 -251.493  
1.06104 125.76 251.581 -251.642  
1.06108 125.834 251.729 -251.79  
1.06111 125.908 251.877 -251.938  
1.06115 125.982 252.026 -252.087  
1.06118 126.056 252.174 -252.235  
1.06122 126.131 252.322 -252.384  
1.06125 126.205 252.471 -252.532  
1.06129 126.279 252.619 -252.68  
1.06132 126.353 252.768 -252.829  
1.06136 126.427 252.916 -252.977  
1.06139 126.501 253.064 -253.126  
1.06143 126.576 253.213 -253.274  
1.06146 126.65 253.361 -253.423  
1.0615 126.724 253.51 -253.571  
1.06153 126.798 253.658 -253.72  
1.06157 126.872 253.806 -253.868  
1.0616 126.947 253.955 -254.016  
1.06164 127.021 254.103 -254.165  
1.06167 127.095 254.252 -254.313  
1.06171 127.169 254.4 -254.462  
1.06174 127.243 254.549 -254.61  
1.06178 127.318 254.697 -254.759  
1.06181 127.392 254.846 -254.907  
1.06185 127.466 254.994 -255.056  
1.06188 127.54 255.142 -255.204  
1.06192 127.615 255.291 -255.353  
1.06195 127.689 255.439 -255.501  
1.06199 127.763 255.588 -255.65  
1.06202 127.837 255.736 -255.798  
1.06206 127.911 255.885 -255.947  
1.06209 127.986 256.033 -256.096  
1.06213 128.06 256.182 -256.244  
1.06216 128.134 256.33 -256.393  
1.0622 128.208 256.479 -256.541  
1.06223 128.283 256.627 -256.69  
1.06227 128.357 256.776 -256.838  
1.0623 128.431 256.925 -256.987  
1.06234 128.505 257.073 -257.135  
1.06237 128.58 257.222 -257.284  
1.06241 128.654 257.37 -257.433  
1.06244 128.728 257.519 -257.581  
1.06248 128.802 257.667 -257.73  
1.06251 128.877 257.816 -257.878  
1.06255 128.951 257.964 -258.027  
1.06258 129.025 258.113 -258.176  
1.06261 129.099 258.262 -258.324  
1.06265 129.174 258.41 -258.473  
1.06268 129.248 258.559 -258.621  
1.06272 129.322 258.707 -258.77  
1.06275 129.397 258.856 -258.919  
1.06279 129.471 259.004 -259.067  
1.06282 129.545 259.153 -259.216  
1.06286 129.619 259.302 -259.365  
1.06289 129.694 259.45 -259.513  
1.06293 129.768 259.599 -259.662  
1.06296 129.842 259.748 -259.811  
1.063 129.917 259.896 -259.959  
1.06303 129.991 260.045 -260.108  
1.06307 130.065 260.193 -260.257  
1.0631 130.139 260.342 -260.405  
1.06314 130.214 260.491 -260.554  
1.06317 130.288 260.639 -260.703  
1.06321 130.362 260.788 -260.851  
1.06324 130.437 260.937 -261  
1.06328 130.511 261.085 -261.149  
1.06331 130.585 261.234 -261.297  
1.06335 130.66 261.383 -261.446  
1.06338 130.734 261.531 -261.595  
1.06342 130.808 261.68 -261.744  
1.06345 130.883 261.829 -261.892  
1.06349 130.957 261.977 -262.041  
1.06352 131.031 262.126 -262.19  
1.06356 131.106 262.275 -262.338  
1.06359 131.18 262.424 -262.487  
1.06363 131.254 262.572 -262.636  
1.06366 131.329 262.721 -262.785  
1.0637 131.403 262.87 -262.933  
1.06373 131.477 263.019 -263.082  
1.06377 131.552 263.167 -263.231  
1.0638 131.626 263.316 -263.38  
1.06384 131.7 263.465 -263.529  
1.06387 131.775 263.613 -263.677  
1.06391 131.849 263.762 -263.826  
1.06394 131.924 263.911 -263.975  
1.06398 131.998 264.06 -264.124  
1.06401 132.072 264.209 -264.273  
1.06405 132.147 264.357 -264.421  
1.06408 132.221 264.506 -264.57  
1.06412 132.295 264.655 -264.719  
1.06415 132.37 264.804 -264.868  
1.06419 132.444 264.952 -265.017  
1.06422 132.519 265.101 -265.165  
1.06426 132.593 265.25 -265.314  
1.06429 132.667 265.399 -265.463  
1.06433 132.742 265.548 -265.612  
1.06436 132.816 265.697 -265.761  
1.0644 132.89 265.845 -265.91  
1.06443 132.965 265.994 -266.059  
1.06447 133.039 266.143 -266.207  
1.0645 133.114 266.292 -266.356  
1.06454 133.188 266.441 -266.505  
1.06457 133.262 266.59 -266.654  
1.06461 133.337 266.738 -266.803  
1.06464 133.411 266.887 -266.952  
1.06468 133.486 267.036 -267.101  
1.06471 133.56 267.185 -267.25  
1.06475 133.635 267.334 -267.399  
1.06478 133.709 267.483 -267.547  
1.06482 133.783 267.632 -267.696  
1.06485 133.858 267.78 -267.845  
1.06489 133.932 267.929 -267.994  
1.06492 134.007 268.078 -268.143  
1.06496 134.081 268.227 -268.292  
1.06499 134.156 268.376 -268.441  
1.06503 134.23 268.525 -268.59  
1.06506 134.304 268.674 -268.739  
1.0651 134.379 268.823 -268.888  
1.06513 134.453 268.972 -269.037  
1.06517 134.528 269.121 -269.186  
1.0652 134.602 269.27 -269.335  
1.06524 134.677 269.419 -269.484  
1.06527 134.751 269.568 -269.633  
1.06531 134.826 269.716 -269.782  
1.06534 134.9 269.865 -269.931  
1.06538 134.975 270.014 -270.08  
1.06541 135.049 270.163 -270.229  
1.06545 135.123 270.312 -270.378  
1.06548 135.198 270.461 -270.527  
1.06552 135.272 270.61 -270.676  
1.06555 135.347 270.759 -270.825  
1.06559 135.421 270.908 -270.974  
1.06562 135.496 271.057 -271.123  
1.06566 135.57 271.206 -271.272  
1.06569 135.645 271.355 -271.421  
1.06573 135.719 271.504 -271.57  
1.06576 135.794 271.653 -271.719  
1.0658 135.868 271.802 -271.868  
1.06583 135.943 271.951 -272.017  
1.06587 136.017 272.1 -272.166  
1.0659 136.092 272.249 -272.315  
1.06594 136.166 272.398 -272.464  
1.06597 136.241 272.547 -272.613  
1.06601 136.315 